close,date,high,low,open,volume
43.4900016784668,2024-06-24,44.15999984741211,43.27000045776367,43.93000030517578,69723
42.7599983215332,2024-06-25,43.630001068115234,42.5,43.56999969482422,73347
43.45000076293945,2024-06-26,43.709999084472656,42.75,42.79999923706055,53209
43.4900016784668,2024-06-27,44.060001373291016,42.97999954223633,43.40999984741211,22008
43.77000045776367,2024-06-28,43.900001525878906,43.33000183105469,43.34000015258789,1818
45.83000183105469,2024-07-01,45.900001525878906,43.970001220703125,43.970001220703125,875
46.93000030517578,2024-07-02,47.08000183105469,46.290000915527344,46.290000915527344,835
48.599998474121094,2024-07-03,48.75,47.189998626708984,47.2400016784668,1253
49.619998931884766,2024-07-05,49.650001525878906,48.25,48.31999969482422,136
49.0,2024-07-08,49.0,48.68000030517578,48.7599983215332,86
46.86000061035156,2024-07-09,48.599998474121094,46.86000061035156,48.5099983215332,88
46.2599983215332,2024-07-10,46.95000076293945,46.2599983215332,46.939998626708984,60
47.11000061035156,2024-07-11,47.11000061035156,47.11000061035156,47.11000061035156,159
47.54999923706055,2024-07-12,47.54999923706055,47.5099983215332,47.5099983215332,45887
46.41999816894531,2024-07-15,46.70000076293945,45.18000030517578,46.650001525878906,54285
46.70000076293945,2024-07-16,47.2599983215332,46.33000183105469,46.47999954223633,38070
46.209999084472656,2024-07-17,47.369998931884766,46.119998931884766,46.650001525878906,50992
46.45000076293945,2024-07-18,46.650001525878906,45.77000045776367,46.220001220703125,42623
46.560001373291016,2024-07-19,47.290000915527344,46.060001373291016,46.45000076293945,41505
47.0,2024-07-22,47.27000045776367,46.5099983215332,46.560001373291016,29970
46.65999984741211,2024-07-23,47.310001373291016,46.4900016784668,46.79999923706055,42889
46.02000045776367,2024-07-24,46.65999984741211,45.90999984741211,46.65999984741211,41289
45.810001373291016,2024-07-25,46.2400016784668,45.220001220703125,46.150001525878906,40278
43.65999984741211,2024-07-26,46.040000915527344,43.54999923706055,45.83000183105469,38759
42.84000015258789,2024-07-29,43.79999923706055,41.75,43.70000076293945,40801
42.75,2024-07-30,43.119998931884766,42.029998779296875,42.79999923706055,14198
43.29999923706055,2024-07-31,43.470001220703125,42.66999816894531,42.900001525878906,1639
42.869998931884766,2024-08-01,43.099998474121094,42.02000045776367,43.099998474121094,819
41.709999084472656,2024-08-02,42.59000015258789,41.709999084472656,42.54999923706055,175
41.040000915527344,2024-08-05,41.29999923706055,40.58000183105469,41.29999923706055,241
40.869998931884766,2024-08-06,40.900001525878906,40.08000183105469,40.08000183105469,172
42.25,2024-08-07,42.25,41.65999984741211,41.65999984741211,160
42.36000061035156,2024-08-08,42.5,42.0,42.099998474121094,87
42.7400016784668,2024-08-09,42.84000015258789,42.36000061035156,42.36000061035156,62
41.61000061035156,2024-08-12,42.88999938964844,41.61000061035156,42.869998931884766,87
40.68000030517578,2024-08-13,40.68000030517578,40.68000030517578,40.68000030517578,49
40.04999923706055,2024-08-14,40.04999923706055,40.04999923706055,40.04999923706055,30334
39.470001220703125,2024-08-15,40.5,39.41999816894531,40.04999923706055,30636
39.95000076293945,2024-08-16,39.9900016784668,38.599998474121094,39.5,36466
40.470001220703125,2024-08-19,40.619998931884766,39.47999954223633,40.0,30574
40.709999084472656,2024-08-20,40.959999084472656,39.77000045776367,40.470001220703125,27321
41.0,2024-08-21,41.310001373291016,40.709999084472656,40.77000045776367,30783
40.439998626708984,2024-08-22,41.560001373291016,40.310001373291016,40.959999084472656,32706
41.470001220703125,2024-08-23,41.68000030517578,40.220001220703125,40.47999954223633,41848
41.70000076293945,2024-08-26,42.16999816894531,41.060001373291016,41.36000061035156,36801
41.150001525878906,2024-08-27,42.0,41.060001373291016,41.70000076293945,24730
41.79999923706055,2024-08-28,41.86000061035156,40.650001525878906,41.220001220703125,19159
43.16999816894531,2024-08-29,43.20000076293945,41.619998931884766,41.779998779296875,16849
43.13999938964844,2024-08-30,43.529998779296875,42.720001220703125,43.41999816894531,992
42.06999969482422,2024-09-03,43.16999816894531,41.599998474121094,43.16999816894531,307
41.349998474121094,2024-09-04,42.220001220703125,41.349998474121094,41.79999923706055,467
42.31999969482422,2024-09-05,42.45000076293945,41.400001525878906,41.400001525878906,281
40.77000045776367,2024-09-06,41.0099983215332,40.7599983215332,41.0099983215332,126
41.61000061035156,2024-09-09,41.61000061035156,40.779998779296875,40.779998779296875,126
40.849998474121094,2024-09-10,41.29999923706055,40.849998474121094,41.29999923706055,51
40.31999969482422,2024-09-11,40.31999969482422,40.310001373291016,40.310001373291016,73
40.810001373291016,2024-09-12,41.2599983215332,40.810001373291016,41.2599983215332,139
40.689998626708984,2024-09-13,40.689998626708984,40.689998626708984,40.689998626708984,24488
39.75,2024-09-16,40.16999816894531,39.2599983215332,39.560001373291016,21966
40.54999923706055,2024-09-17,40.79999923706055,39.75,39.75,23897
40.9900016784668,2024-09-18,41.4900016784668,40.540000915527344,40.59000015258789,25494
41.75,2024-09-19,41.9900016784668,40.689998626708984,41.02000045776367,35967
42.15999984741211,2024-09-20,42.29999923706055,41.380001068115234,41.75,34095
42.619998931884766,2024-09-23,43.47999954223633,42.029998779296875,42.150001525878906,36247
43.95000076293945,2024-09-24,44.040000915527344,42.2599983215332,42.65999984741211,35912
44.380001068115234,2024-09-25,44.68000030517578,43.65999984741211,44.0099983215332,33483
42.91999816894531,2024-09-26,44.86000061035156,42.81999969482422,44.349998474121094,23860
42.18000030517578,2024-09-27,43.0,41.880001068115234,42.91999816894531,11254
43.5099983215332,2024-09-30,43.54999923706055,42.130001068115234,42.15999984741211,534
42.90999984741211,2024-10-01,43.91999816894531,42.5099983215332,43.0099983215332,1132
43.720001220703125,2024-10-02,43.95000076293945,43.439998626708984,43.95000076293945,115
44.689998626708984,2024-10-03,44.689998626708984,44.689998626708984,44.689998626708984,26
44.040000915527344,2024-10-04,44.220001220703125,44.040000915527344,44.220001220703125,21
44.560001373291016,2024-10-07,44.560001373291016,44.560001373291016,44.560001373291016,7
43.369998931884766,2024-10-08,43.380001068115234,43.369998931884766,43.380001068115234,107
43.2599983215332,2024-10-09,43.2599983215332,43.2599983215332,43.2599983215332,212
43.869998931884766,2024-10-10,43.869998931884766,43.869998931884766,43.869998931884766,0
43.439998626708984,2024-10-11,43.439998626708984,43.439998626708984,43.439998626708984,59
42.15999984741211,2024-10-14,42.15999984741211,42.15999984741211,42.15999984741211,75116
42.45000076293945,2024-10-15,42.66999816894531,41.36000061035156,41.90999984741211,92495
41.68000030517578,2024-10-16,43.0099983215332,41.650001525878906,42.45000076293945,74788
42.59000015258789,2024-10-17,42.68000030517578,41.5099983215332,41.68000030517578,79799
41.81999969482422,2024-10-18,43.15999984741211,41.599998474121094,42.47999954223633,71367
42.38999938964844,2024-10-21,42.54999923706055,41.68000030517578,41.81999969482422,61702
43.689998626708984,2024-10-22,43.90999984741211,42.2599983215332,42.380001068115234,77030
43.38999938964844,2024-10-23,43.9900016784668,43.15999984741211,43.83000183105469,62663
44.33000183105469,2024-10-24,45.099998474121094,43.380001068115234,43.400001525878906,89614
44.150001525878906,2024-10-25,44.77000045776367,43.810001373291016,44.33000183105469,66462
42.689998626708984,2024-10-28,43.75,42.470001220703125,43.7400016784668,98906
42.79999923706055,2024-10-29,43.4900016784668,42.599998474121094,42.70000076293945,55380
43.810001373291016,2024-10-30,44.2400016784668,42.63999938964844,42.88999938964844,72351
45.13999938964844,2024-10-31,45.439998626708984,43.599998474121094,43.869998931884766,89011
46.29999923706055,2024-11-01,46.650001525878906,45.40999984741211,45.41999816894531,108355
45.560001373291016,2024-11-04,46.79999923706055,44.97999954223633,46.59000015258789,85873
44.9900016784668,2024-11-05,45.93000030517578,44.810001373291016,45.58000183105469,58765
46.34000015258789,2024-11-06,46.900001525878906,44.34000015258789,45.0,101600
48.31999969482422,2024-11-07,48.40999984741211,45.91999816894531,46.400001525878906,105773
48.77000045776367,2024-11-08,49.04999923706055,47.709999084472656,48.31999969482422,100865
48.13999938964844,2024-11-11,49.15999984741211,47.58000183105469,48.77000045776367,73863
46.22999954223633,2024-11-12,48.2599983215332,45.81999969482422,48.13999938964844,96982
45.18000030517578,2024-11-13,46.33000183105469,44.65999984741211,46.22999954223633,100190
44.439998626708984,2024-11-14,45.810001373291016,44.33000183105469,45.209999084472656,75545
45.349998474121094,2024-11-15,46.29999923706055,44.470001220703125,44.630001068115234,91032
45.52000045776367,2024-11-18,45.810001373291016,44.369998931884766,45.43000030517578,59035
44.84000015258789,2024-11-19,46.060001373291016,44.779998779296875,45.619998931884766,51628
43.279998779296875,2024-11-20,45.04999923706055,43.08000183105469,44.849998474121094,67394
42.18000030517578,2024-11-21,43.75,41.93000030517578,43.29999923706055,44575
41.77000045776367,2024-11-22,42.5099983215332,41.36000061035156,42.18000030517578,56932
41.209999084472656,2024-11-25,42.31999969482422,40.529998779296875,41.939998626708984,45258
42.59000015258789,2024-11-26,42.81999969482422,41.18000030517578,41.18000030517578,39595
40.75,2024-11-27,42.83000183105469,40.54999923706055,42.599998474121094,18222
41.61000061035156,2024-11-29,42.2400016784668,41.25,41.709999084472656,1392
41.27000045776367,2024-12-02,41.650001525878906,41.06999969482422,41.36000061035156,467
41.95000076293945,2024-12-03,42.279998779296875,41.02000045776367,41.02000045776367,205
41.22999954223633,2024-12-04,41.849998474121094,41.22999954223633,41.31999969482422,214
42.119998931884766,2024-12-05,42.119998931884766,41.68000030517578,41.68000030517578,65
42.779998779296875,2024-12-06,42.93000030517578,42.75,42.75,82
42.630001068115234,2024-12-09,42.849998474121094,42.11000061035156,42.59000015258789,442
42.560001373291016,2024-12-10,42.619998931884766,42.060001373291016,42.06999969482422,205
42.2599983215332,2024-12-11,42.9900016784668,42.2599983215332,42.90999984741211,25
42.470001220703125,2024-12-12,42.470001220703125,42.09000015258789,42.369998931884766,250
42.279998779296875,2024-12-13,42.279998779296875,42.279998779296875,42.279998779296875,53278
41.720001220703125,2024-12-16,42.68000030517578,41.529998779296875,42.61000061035156,67249
40.619998931884766,2024-12-17,41.9900016784668,39.9900016784668,41.77000045776367,83525
39.54999923706055,2024-12-18,40.63999938964844,39.36000061035156,40.619998931884766,76365
40.0099983215332,2024-12-19,40.459999084472656,39.22999954223633,39.599998474121094,62837
39.47999954223633,2024-12-20,40.40999984741211,39.38999938964844,40.0,50016
40.22999954223633,2024-12-23,40.43000030517578,39.119998931884766,39.5,41046
39.84000015258789,2024-12-24,40.4900016784668,39.68000030517578,40.13999938964844,20388
39.470001220703125,2024-12-26,40.0,39.06999969482422,39.86000061035156,27390
39.52000045776367,2024-12-27,40.220001220703125,39.33000183105469,39.45000076293945,34128
39.720001220703125,2024-12-30,40.0,39.29999923706055,39.599998474121094,19349
39.779998779296875,2024-12-31,39.880001068115234,39.400001525878906,39.689998626708984,1357
39.720001220703125,2025-01-02,40.22999954223633,39.29999923706055,39.849998474121094,518
39.400001525878906,2025-01-03,39.81999969482422,39.16999816894531,39.81999969482422,364
39.7599983215332,2025-01-06,40.06999969482422,39.72999954223633,39.91999816894531,179
40.720001220703125,2025-01-07,40.75,39.650001525878906,39.650001525878906,210
41.11000061035156,2025-01-08,41.310001373291016,40.810001373291016,41.029998779296875,250
42.279998779296875,2025-01-09,42.279998779296875,40.84000015258789,40.84000015258789,26
45.04999923706055,2025-01-10,45.18000030517578,42.70000076293945,42.70000076293945,127
45.470001220703125,2025-01-13,45.65999984741211,45.369998931884766,45.65999984741211,69
45.72999954223633,2025-01-14,45.72999954223633,45.72999954223633,45.72999954223633,91406
46.27000045776367,2025-01-15,47.099998474121094,45.720001220703125,46.060001373291016,104833
45.029998779296875,2025-01-16,46.27000045776367,44.849998474121094,46.25,98321
45.689998626708984,2025-01-17,45.79999923706055,44.95000076293945,45.2400016784668,66664
45.77000045776367,2025-01-21,46.310001373291016,45.02000045776367,45.70000076293945,95734
44.41999816894531,2025-01-22,45.84000015258789,44.209999084472656,45.84000015258789,87864
45.040000915527344,2025-01-23,45.5,44.08000183105469,44.41999816894531,78547
45.220001220703125,2025-01-24,45.439998626708984,44.130001068115234,44.689998626708984,62551
45.0,2025-01-27,45.13999938964844,44.33000183105469,45.09000015258789,59599
45.130001068115234,2025-01-28,45.790000915527344,44.63999938964844,45.0,76141
44.970001220703125,2025-01-29,45.40999984741211,44.70000076293945,45.130001068115234,62060
44.97999954223633,2025-01-30,45.16999816894531,44.099998474121094,45.0,53966
46.11000061035156,2025-01-31,46.810001373291016,44.779998779296875,45.09000015258789,133472
46.5099983215332,2025-02-03,47.540000915527344,46.150001525878906,47.0099983215332,109701
45.7599983215332,2025-02-04,46.220001220703125,44.63999938964844,45.720001220703125,91027
45.09000015258789,2025-02-05,45.9900016784668,44.77000045776367,45.790000915527344,60594
45.400001525878906,2025-02-06,45.529998779296875,44.720001220703125,45.08000183105469,60920
45.97999954223633,2025-02-07,46.2400016784668,45.150001525878906,45.400001525878906,81143
45.72999954223633,2025-02-10,46.119998931884766,45.45000076293945,45.939998626708984,66501
46.130001068115234,2025-02-11,46.599998474121094,45.33000183105469,45.81999969482422,82431
45.65999984741211,2025-02-12,46.52000045776367,45.220001220703125,46.150001525878906,79937
46.25,2025-02-13,46.380001068115234,45.029998779296875,45.65999984741211,87153
46.06999969482422,2025-02-14,46.77000045776367,45.540000915527344,46.20000076293945,54001
47.29999923706055,2025-02-18,47.38999938964844,45.58000183105469,46.099998474121094,61386
46.29999923706055,2025-02-19,48.09000015258789,46.099998474121094,47.20000076293945,57785
47.2599983215332,2025-02-20,47.34000015258789,46.209999084472656,46.400001525878906,46746
46.810001373291016,2025-02-21,47.2599983215332,46.4900016784668,47.2400016784668,47635
45.70000076293945,2025-02-24,46.84000015258789,45.630001068115234,46.79999923706055,45052
45.439998626708984,2025-02-25,46.369998931884766,45.2599983215332,45.779998779296875,44280
44.970001220703125,2025-02-26,45.560001373291016,44.540000915527344,45.369998931884766,26889
44.75,2025-02-27,45.650001525878906,44.58000183105469,44.95000076293945,14290
43.529998779296875,2025-02-28,45.0,43.5,44.869998931884766,1520
42.900001525878906,2025-03-03,43.97999954223633,42.20000076293945,43.58000183105469,549
42.27000045776367,2025-03-04,43.2400016784668,42.09000015258789,43.150001525878906,518
42.439998626708984,2025-03-05,42.68000030517578,41.630001068115234,42.66999816894531,183
42.599998474121094,2025-03-06,43.0099983215332,42.40999984741211,42.959999084472656,215
42.869998931884766,2025-03-07,43.15999984741211,42.75,42.939998626708984,463
41.709999084472656,2025-03-10,42.47999954223633,41.560001373291016,42.400001525878906,104
41.43000030517578,2025-03-11,42.220001220703125,41.43000030517578,41.47999954223633,158
41.18000030517578,2025-03-12,41.400001525878906,41.18000030517578,41.400001525878906,51
40.779998779296875,2025-03-13,41.41999816894531,40.779998779296875,41.08000183105469,27
41.0,2025-03-14,41.0,41.0,41.0,51224
42.099998474121094,2025-03-17,42.2599983215332,41.560001373291016,41.599998474121094,63396
42.540000915527344,2025-03-18,42.880001068115234,42.0099983215332,42.09000015258789,67323
42.36000061035156,2025-03-19,42.709999084472656,42.11000061035156,42.54999923706055,74609
42.709999084472656,2025-03-20,42.79999923706055,41.56999969482422,42.40999984741211,65057
42.0099983215332,2025-03-21,42.7400016784668,41.90999984741211,42.599998474121094,64686
42.150001525878906,2025-03-24,42.20000076293945,41.5,42.0099983215332,56703
42.29999923706055,2025-03-25,42.58000183105469,41.790000915527344,42.119998931884766,61889
42.63999938964844,2025-03-26,43.11000061035156,42.150001525878906,42.279998779296875,66190
44.27000045776367,2025-03-27,44.400001525878906,42.34000015258789,42.63999938964844,123831
45.15999984741211,2025-03-28,45.209999084472656,43.90999984741211,44.34000015258789,89805
44.88999938964844,2025-03-31,45.43000030517578,44.66999816894531,45.060001373291016,81221
47.439998626708984,2025-04-01,47.4900016784668,44.75,45.0,131531
48.5,2025-04-02,48.540000915527344,47.13999938964844,47.16999816894531,104699
47.060001373291016,2025-04-03,48.040000915527344,46.15999984741211,47.25,138308
45.84000015258789,2025-04-04,47.11000061035156,44.630001068115234,46.79999923706055,114989
45.150001525878906,2025-04-07,46.540000915527344,44.349998474121094,45.099998474121094,119880
44.939998626708984,2025-04-08,45.810001373291016,44.79999923706055,45.08000183105469,92473
46.189998626708984,2025-04-09,46.470001220703125,43.83000183105469,44.93000030517578,95006
46.31999969482422,2025-04-10,46.7400016784668,45.61000061035156,46.290000915527344,84258
47.349998474121094,2025-04-11,47.59000015258789,45.91999816894531,46.290000915527344,80324
46.31999969482422,2025-04-14,47.38999938964844,46.189998626708984,47.349998474121094,58353
47.33000183105469,2025-04-15,47.900001525878906,46.0,46.36000061035156,67627
47.47999954223633,2025-04-16,47.79999923706055,46.65999984741211,47.43000030517578,45112
47.869998931884766,2025-04-17,47.9900016784668,47.209999084472656,47.400001525878906,48839
47.81999969482422,2025-04-21,48.279998779296875,47.470001220703125,47.86000061035156,29084
47.58000183105469,2025-04-22,48.369998931884766,47.34000015258789,47.810001373291016,38141
47.90999984741211,2025-04-23,48.20000076293945,47.40999984741211,47.79999923706055,34799
49.650001525878906,2025-04-24,49.72999954223633,47.900001525878906,47.90999984741211,43252
49.279998779296875,2025-04-25,50.70000076293945,49.13999938964844,49.650001525878906,45603
49.90999984741211,2025-04-28,50.09000015258789,48.66999816894531,49.27000045776367,31293
48.849998474121094,2025-04-29,49.86000061035156,48.380001068115234,49.849998474121094,17756
48.58000183105469,2025-04-30,48.9900016784668,48.060001373291016,48.9900016784668,1415
49.36000061035156,2025-05-01,49.54999923706055,48.25,48.5,576
49.08000183105469,2025-05-02,49.380001068115234,48.47999954223633,49.380001068115234,190
48.369998931884766,2025-05-05,49.04999923706055,48.0,48.54999923706055,138
47.97999954223633,2025-05-06,48.470001220703125,47.630001068115234,48.470001220703125,107
46.95000076293945,2025-05-07,48.369998931884766,46.95000076293945,48.2400016784668,48
48.029998779296875,2025-05-08,48.029998779296875,47.47999954223633,47.47999954223633,1
48.150001525878906,2025-05-09,48.540000915527344,48.150001525878906,48.33000183105469,175
49.4900016784668,2025-05-12,49.4900016784668,49.18000030517578,49.18000030517578,6
51.099998474121094,2025-05-13,51.27000045776367,50.060001373291016,50.060001373291016,33
51.619998931884766,2025-05-14,51.619998931884766,51.619998931884766,51.619998931884766,93100
49.31999969482422,2025-05-15,51.70000076293945,49.31999969482422,51.70000076293945,112058
48.93000030517578,2025-05-16,49.7599983215332,47.630001068115234,48.59000015258789,132221
49.439998626708984,2025-05-19,49.689998626708984,48.5,48.88999938964844,59958
49.5,2025-05-20,49.59000015258789,48.75,49.41999816894531,63334
49.83000183105469,2025-05-21,50.29999923706055,49.5,49.5,63385
49.11000061035156,2025-05-22,49.43000030517578,47.95000076293945,48.83000183105469,111382
49.349998474121094,2025-05-23,50.29999923706055,48.959999084472656,50.290000915527344,78771
49.56999969482422,2025-05-27,50.18000030517578,49.0,49.349998474121094,74726
48.93000030517578,2025-05-28,49.849998474121094,48.61000061035156,49.56999969482422,68793
48.38999938964844,2025-05-29,49.38999938964844,47.709999084472656,49.060001373291016,86423
46.88999938964844,2025-05-30,47.810001373291016,46.43000030517578,47.75,121991
46.279998779296875,2025-06-02,47.16999816894531,46.22999954223633,46.88999938964844,96818
46.810001373291016,2025-06-03,46.959999084472656,45.7400016784668,46.54999923706055,83602
46.810001373291016,2025-06-04,47.41999816894531,46.43000030517578,46.7599983215332,77610
46.650001525878906,2025-06-05,47.06999969482422,46.33000183105469,46.81999969482422,0
47.5,2025-06-06,47.720001220703125,46.90999984741211,47.150001525878906,78495
47.380001068115234,2025-06-09,47.90999984741211,47.08000183105469,47.45000076293945,81540
47.790000915527344,2025-06-10,48.04999923706055,47.380001068115234,47.400001525878906,77248
48.02000045776367,2025-06-11,48.27000045776367,47.470001220703125,47.75,75264
47.61000061035156,2025-06-12,49.220001220703125,47.0,48.040000915527344,133085
50.61000061035156,2025-06-13,50.61000061035156,47.459999084472656,47.61000061035156,100856
55.11000061035156,2025-06-16,55.11000061035156,52.18000030517578,52.18000030517578,147447
54.790000915527344,2025-06-17,55.5099983215332,54.02000045776367,55.4900016784668,105053
54.77000045776367,2025-06-18,55.290000915527344,54.2599983215332,54.790000915527344,0
54.470001220703125,2025-06-20,55.810001373291016,54.2400016784668,54.7400016784668,68968
53.2400016784668,2025-06-23,55.13999938964844,53.060001373291016,54.599998474121094,61896
52.16999816894531,2025-06-24,52.93000030517578,51.77000045776367,52.75,61923
51.81999969482422,2025-06-25,52.93000030517578,51.63999938964844,52.29999923706055,33544
52.52000045776367,2025-06-26,52.59000015258789,51.400001525878906,52.0,31946
52.45000076293945,2025-06-27,52.900001525878906,52.119998931884766,52.61000061035156,14041
52.5099983215332,2025-06-30,53.16999816894531,52.34000015258789,52.720001220703125,2589
53.7599983215332,2025-07-01,53.7599983215332,52.34000015258789,52.34000015258789,767
55.060001373291016,2025-07-02,55.08000183105469,54.11000061035156,54.16999816894531,454
54.70000076293945,2025-07-03,55.060001373291016,54.599998474121094,54.79999923706055,0
54.06999969482422,2025-07-07,54.40999984741211,53.560001373291016,54.40999984741211,106
54.11000061035156,2025-07-08,54.11000061035156,53.79999923706055,54.0,445
53.349998474121094,2025-07-09,54.20000076293945,53.349998474121094,54.20000076293945,22
53.66999816894531,2025-07-10,53.66999816894531,53.20000076293945,53.54999923706055,76
54.40999984741211,2025-07-11,54.709999084472656,54.099998474121094,54.099998474121094,35
54.40999984741211,2025-07-14,54.40999984741211,54.40999984741211,54.40999984741211,23996
54.560001373291016,2025-07-15,55.09000015258789,53.939998626708984,54.119998931884766,26926
54.81999969482422,2025-07-16,55.060001373291016,54.45000076293945,54.599998474121094,25212
56.220001220703125,2025-07-17,56.43000030517578,54.720001220703125,54.79999923706055,30095
55.81999969482422,2025-07-18,57.16999816894531,55.689998626708984,56.310001373291016,27929
56.06999969482422,2025-07-21,56.119998931884766,55.0,55.939998626708984,30025
55.630001068115234,2025-07-22,56.06999969482422,55.2400016784668,56.04999923706055,29640
56.13999938964844,2025-07-23,56.5,55.630001068115234,55.689998626708984,29147
56.66999816894531,2025-07-24,56.70000076293945,56.02000045776367,56.279998779296875,31725
56.4900016784668,2025-07-25,56.779998779296875,56.04999923706055,56.66999816894531,43483
56.54999923706055,2025-07-28,56.720001220703125,56.040000915527344,56.31999969482422,33222
57.540000915527344,2025-07-29,57.72999954223633,56.22999954223633,56.54999923706055,30555
56.5,2025-07-30,58.0,56.380001068115234,57.650001525878906,23549
55.58000183105469,2025-07-31,56.95000076293945,55.33000183105469,56.83000183105469,2256
54.720001220703125,2025-08-01,55.470001220703125,54.41999816894531,55.45000076293945,752
54.5,2025-08-04,54.720001220703125,54.20000076293945,54.720001220703125,206
53.84000015258789,2025-08-05,55.029998779296875,53.75,54.880001068115234,146
53.790000915527344,2025-08-06,54.150001525878906,53.790000915527344,54.119998931884766,80
53.540000915527344,2025-08-07,53.70000076293945,53.540000915527344,53.66999816894531,20
52.7599983215332,2025-08-08,53.349998474121094,52.7599983215332,53.349998474121094,20
53.290000915527344,2025-08-11,53.470001220703125,53.08000183105469,53.08000183105469,4
53.29999923706055,2025-08-12,53.29999923706055,52.16999816894531,52.5,12
53.349998474121094,2025-08-13,53.349998474121094,52.58000183105469,52.58000183105469,16
51.9900016784668,2025-08-14,51.9900016784668,51.9900016784668,51.9900016784668,41203
53.18000030517578,2025-08-15,53.25,51.619998931884766,52.09000015258789,30738
53.27000045776367,2025-08-18,53.52000045776367,52.5,53.220001220703125,16576
51.68000030517578,2025-08-19,53.27000045776367,51.59000015258789,53.2400016784668,37278
51.20000076293945,2025-08-20,51.81999969482422,51.150001525878906,51.79999923706055,27569
53.63999938964844,2025-08-21,53.91999816894531,51.13999938964844,51.20000076293945,40557
54.84000015258789,2025-08-22,55.599998474121094,51.40999984741211,53.63999938964844,63384
54.310001373291016,2025-08-25,55.13999938964844,54.2400016784668,54.84000015258789,40260
52.7599983215332,2025-08-26,54.34000015258789,52.380001068115234,54.310001373291016,30685
52.470001220703125,2025-08-27,53.0,52.11000061035156,52.77000045776367,18666
51.75,2025-08-28,52.630001068115234,51.560001373291016,52.630001068115234,13922
51.470001220703125,2025-08-29,51.470001220703125,51.13999938964844,51.400001525878906,0
51.970001220703125,2025-09-02,52.060001373291016,51.25,51.70000076293945,1467
51.15999984741211,2025-09-03,51.75,51.15999984741211,51.75,180
51.22999954223633,2025-09-04,51.22999954223633,50.86000061035156,51.0,247
50.560001373291016,2025-09-05,50.599998474121094,50.560001373291016,50.599998474121094,70
50.72999954223633,2025-09-08,50.72999954223633,50.72999954223633,50.72999954223633,36
49.70000076293945,2025-09-09,50.5,49.70000076293945,50.5,176
50.220001220703125,2025-09-10,50.220001220703125,49.7599983215332,49.7599983215332,2
50.81999969482422,2025-09-11,50.81999969482422,50.81999969482422,50.81999969482422,1
51.380001068115234,2025-09-12,51.380001068115234,51.380001068115234,51.380001068115234,28703
51.7599983215332,2025-09-15,52.439998626708984,51.349998474121094,51.66999816894531,18023
52.689998626708984,2025-09-16,53.369998931884766,51.70000076293945,51.790000915527344,28513
51.2400016784668,2025-09-17,52.880001068115234,51.189998626708984,52.689998626708984,21104
50.56999969482422,2025-09-18,51.439998626708984,50.470001220703125,51.2400016784668,19448
50.029998779296875,2025-09-19,50.7599983215332,49.970001220703125,50.540000915527344,27941
49.16999816894531,2025-09-22,50.18000030517578,48.77000045776367,50.0,32047
49.349998474121094,2025-09-23,49.459999084472656,48.36000061035156,49.25,34292
49.290000915527344,2025-09-24,50.0099983215332,48.869998931884766,49.349998474121094,25969
49.7400016784668,2025-09-25,49.9900016784668,48.970001220703125,49.290000915527344,26850
49.599998474121094,2025-09-26,50.06999969482422,49.369998931884766,49.790000915527344,38393
49.11000061035156,2025-09-29,49.599998474121094,48.84000015258789,49.599998474121094,19879
48.869998931884766,2025-09-30,49.11000061035156,48.70000076293945,48.93000030517578,3100
49.75,2025-10-01,49.75,48.58000183105469,48.58000183105469,779
49.81999969482422,2025-10-02,49.81999969482422,49.599998474121094,49.779998779296875,352
49.43000030517578,2025-10-03,49.81999969482422,49.400001525878906,49.81999969482422,62
49.790000915527344,2025-10-06,49.790000915527344,49.63999938964844,49.650001525878906,29
50.529998779296875,2025-10-07,50.529998779296875,50.06999969482422,50.20000076293945,74
50.970001220703125,2025-10-08,50.970001220703125,50.709999084472656,50.79999923706055,19
50.380001068115234,2025-10-09,50.869998931884766,50.34000015258789,50.869998931884766,34
49.400001525878906,2025-10-10,49.400001525878906,49.400001525878906,49.400001525878906,16
50.040000915527344,2025-10-13,50.040000915527344,50.040000915527344,50.040000915527344,16
49.91999816894531,2025-10-14,49.91999816894531,49.63999938964844,49.689998626708984,65242
50.79999923706055,2025-10-15,51.43000030517578,50.5,51.36000061035156,70624
50.869998931884766,2025-10-16,51.77000045776367,50.79999923706055,50.810001373291016,81427
51.130001068115234,2025-10-17,51.220001220703125,50.349998474121094,50.83000183105469,56284
51.310001373291016,2025-10-20,51.459999084472656,50.95000076293945,51.099998474121094,44890
50.650001525878906,2025-10-21,51.400001525878906,50.470001220703125,51.29999923706055,66368
50.06999969482422,2025-10-22,50.970001220703125,49.9900016784668,50.650001525878906,71273
50.869998931884766,2025-10-23,51.130001068115234,50.029998779296875,50.06999969482422,80952
50.27000045776367,2025-10-24,50.90999984741211,50.2400016784668,50.900001525878906,56965
50.77000045776367,2025-10-27,50.939998626708984,50.33000183105469,50.619998931884766,71172
50.2599983215332,2025-10-28,50.79999923706055,49.97999954223633,50.70000076293945,81878
50.15999984741211,2025-10-29,50.439998626708984,49.560001373291016,50.209999084472656,92011
49.650001525878906,2025-10-30,50.2599983215332,49.209999084472656,50.15999984741211,100174
48.68000030517578,2025-10-31,49.84000015258789,48.560001373291016,49.709999084472656,105777
49.84000015258789,2025-11-03,49.939998626708984,48.27000045776367,48.779998779296875,0
49.529998779296875,2025-11-04,50.099998474121094,49.11000061035156,49.93000030517578,68962
49.689998626708984,2025-11-05,49.90999984741211,49.29999923706055,49.59000015258789,68179
49.349998474121094,2025-11-06,50.33000183105469,49.2599983215332,49.599998474121094,64047
49.68000030517578,2025-11-07,49.880001068115234,49.0,49.349998474121094,99771
50.58000183105469,2025-11-10,50.599998474121094,49.58000183105469,49.599998474121094,78596
51.099998474121094,2025-11-11,51.27000045776367,50.52000045776367,50.529998779296875,85715
50.619998931884766,2025-11-12,51.33000183105469,50.290000915527344,51.060001373291016,98057
50.25,2025-11-13,51.08000183105469,50.18000030517578,50.61000061035156,102251
50.150001525878906,2025-11-14,50.7599983215332,50.0099983215332,50.349998474121094,75092
51.13999938964844,2025-11-17,51.29999923706055,49.77000045776367,50.04999923706055,76613
52.16999816894531,2025-11-18,52.47999954223633,50.90999984741211,51.099998474121094,89022
51.099998474121094,2025-11-19,52.45000076293945,50.68000030517578,52.150001525878906,91816
50.65999984741211,2025-11-20,51.459999084472656,50.54999923706055,50.959999084472656,61216
50.2599983215332,2025-11-21,50.7599983215332,49.599998474121094,50.66999816894531,37298
50.18000030517578,2025-11-24,50.45000076293945,49.439998626708984,50.29999923706055,47237
50.29999923706055,2025-11-25,50.349998474121094,49.459999084472656,50.150001525878906,47921
50.869998931884766,2025-11-26,51.029998779296875,50.130001068115234,50.29999923706055,29177
51.7599983215332,2025-11-28,51.779998779296875,51.0,51.0,2697
52.060001373291016,2025-12-01,52.11000061035156,51.5,51.54999923706055,609
52.349998474121094,2025-12-02,52.459999084472656,51.959999084472656,51.959999084472656,477
51.349998474121094,2025-12-03,52.150001525878906,51.349998474121094,52.099998474121094,55
51.529998779296875,2025-12-04,51.529998779296875,51.33000183105469,51.33000183105469,111
51.36000061035156,2025-12-05,51.36000061035156,51.36000061035156,51.36000061035156,48
50.900001525878906,2025-12-08,51.09000015258789,50.869998931884766,51.09000015258789,72
50.72999954223633,2025-12-09,50.90999984741211,50.599998474121094,50.90999984741211,33
50.810001373291016,2025-12-10,51.189998626708984,50.810001373291016,51.16999816894531,20
50.560001373291016,2025-12-11,50.560001373291016,50.43000030517578,50.43000030517578,57
49.72999954223633,2025-12-12,49.72999954223633,49.72999954223633,49.72999954223633,64961
49.47999954223633,2025-12-15,50.220001220703125,49.29999923706055,50.060001373291016,61223
48.36000061035156,2025-12-16,49.47999954223633,48.060001373291016,49.400001525878906,109050
48.52000045776367,2025-12-17,48.630001068115234,47.790000915527344,48.459999084472656,89679
48.11000061035156,2025-12-18,48.81999969482422,48.0099983215332,48.56999969482422,57291
47.900001525878906,2025-12-19,48.2599983215332,47.5099983215332,48.11000061035156,45693
48.54999923706055,2025-12-22,48.63999938964844,47.869998931884766,47.90999984741211,47145
48.29999923706055,2025-12-23,48.75,48.11000061035156,48.5099983215332,44839
49.029998779296875,2025-12-24,49.099998474121094,48.279998779296875,48.310001373291016,21700
48.720001220703125,2025-12-26,49.13999938964844,48.650001525878906,49.0,13171
48.779998779296875,2025-12-29,48.90999984741211,48.52000045776367,48.79999923706055,33610
48.93000030517578,2025-12-30,49.13999938964844,48.66999816894531,48.779998779296875,15059
48.06999969482422,2025-12-31,48.91999816894531,48.0,48.880001068115234,642
48.869998931884766,2026-01-02,48.869998931884766,48.119998931884766,48.119998931884766,378
49.470001220703125,2026-01-05,49.470001220703125,49.470001220703125,49.470001220703125,155
49.0,2026-01-06,49.43000030517578,49.0,49.369998931884766,142
48.81999969482422,2026-01-07,49.02000045776367,48.81999969482422,49.02000045776367,96
49.029998779296875,2026-01-08,49.029998779296875,48.4900016784668,48.84000015258789,534
49.2599983215332,2026-01-09,49.2599983215332,49.2599983215332,49.2599983215332,3
49.81999969482422,2026-01-12,50.11000061035156,49.81999969482422,50.02000045776367,39
50.779998779296875,2026-01-13,50.790000915527344,50.779998779296875,50.779998779296875,13
50.7599983215332,2026-01-14,50.7599983215332,50.7599983215332,50.7599983215332,96373
52.970001220703125,2026-01-15,53.029998779296875,50.369998931884766,51.02000045776367,204451
52.61000061035156,2026-01-16,53.47999954223633,52.2400016784668,52.970001220703125,107022
52.560001373291016,2026-01-20,53.189998626708984,52.40999984741211,52.650001525878906,80878
54.0099983215332,2026-01-21,54.119998931884766,52.369998931884766,52.52000045776367,102861
53.779998779296875,2026-01-22,54.310001373291016,53.54999923706055,53.95000076293945,91111
53.9900016784668,2026-01-23,54.619998931884766,53.630001068115234,53.779998779296875,74095
53.88999938964844,2026-01-26,54.709999084472656,53.779998779296875,54.08000183105469,74918
54.40999984741211,2026-01-27,54.529998779296875,53.349998474121094,53.75,71043
54.310001373291016,2026-01-28,54.95000076293945,54.040000915527344,54.400001525878906,86960
54.029998779296875,2026-01-29,54.83000183105469,53.560001373291016,54.2599983215332,91796
53.5099983215332,2026-01-30,54.099998474121094,53.29999923706055,54.040000915527344,78909
53.20000076293945,2026-02-02,53.45000076293945,52.61000061035156,53.45000076293945,101000
54.4900016784668,2026-02-03,54.779998779296875,53.349998474121094,53.349998474121094,123455
55.65999984741211,2026-02-04,55.849998474121094,54.20000076293945,54.4900016784668,136618
55.650001525878906,2026-02-05,55.97999954223633,55.20000076293945,55.59000015258789,116320
55.33000183105469,2026-02-06,56.13999938964844,54.95000076293945,55.65999984741211,124394
56.689998626708984,2026-02-09,56.75,55.5,55.5099983215332,120956
57.27000045776367,2026-02-10,57.38999938964844,56.27000045776367,56.7400016784668,114717
57.04999923706055,2026-02-11,57.58000183105469,56.7599983215332,57.279998779296875,102662
57.540000915527344,2026-02-12,57.959999084472656,56.84000015258789,57.31999969482422,122233
57.08000183105469,2026-02-13,57.65999984741211,56.619998931884766,57.400001525878906,83023
57.290000915527344,2026-02-17,57.68000030517578,56.720001220703125,57.09000015258789,74517
58.59000015258789,2026-02-18,58.9900016784668,57.400001525878906,57.470001220703125,72593
59.68000030517578,2026-02-19,59.810001373291016,58.34000015258789,58.54999923706055,65834
58.91999816894531,2026-02-20,59.79999923706055,58.08000183105469,59.630001068115234,69099
59.38999938964844,2026-02-23,60.11000061035156,58.599998474121094,58.880001068115234,57919
60.029998779296875,2026-02-24,60.18000030517578,59.150001525878906,59.41999816894531,46532
60.2599983215332,2026-02-25,60.54999923706055,59.34000015258789,60.060001373291016,25567
61.290000915527344,2026-02-26,61.689998626708984,59.72999954223633,60.2400016784668,18113
61.290000915527344,2026-02-27,61.91999816894531,60.9900016784668,61.380001068115234,1341
62.16999816894531,2026-03-02,63.11000061035156,62.0,63.11000061035156,559
62.27000045776367,2026-03-03,62.869998931884766,62.0,62.54999923706055,646
63.09000015258789,2026-03-04,63.09000015258789,62.290000915527344,62.54999923706055,161
65.31999969482422,2026-03-05,65.41999816894531,63.70000076293945,63.70000076293945,295
66.20999908447266,2026-03-06,66.20999908447266,64.5999984741211,64.5999984741211,404
65.75,2026-03-09,69.23999786376953,65.75,68.6500015258789,100
65.33000183105469,2026-03-10,65.48999786376953,64.51000213623047,65.48999786376953,221
67.08000183105469,2026-03-11,67.94000244140625,67.08000183105469,67.94000244140625,326
67.33999633789062,2026-03-12,67.33999633789062,67.33999633789062,67.33999633789062,57
67.33999633789062,2026-03-13,67.33999633789062,67.33999633789062,67.33999633789062,86018
63.939998626708984,2026-03-16,67.1500015258789,63.939998626708984,67.06999969482422,110622
65.97000122070312,2026-03-17,66.41999816894531,63.5,63.599998474121094,122929
65.52999877929688,2026-03-18,67.02999877929688,64.7300033569336,66.0,87577
65.41000366210938,2026-03-19,66.2699966430664,65.0199966430664,66.0,91743
65.51000213623047,2026-03-20,66.5,65.0199966430664,65.25,77478
65.58000183105469,2026-03-23,66.37999725341797,64.22000122070312,65.52999877929688,103427
65.7300033569336,2026-03-24,66.23999786376953,64.86000061035156,65.9000015258789,88200
67.0999984741211,2026-03-25,67.31999969482422,64.9000015258789,65.44000244140625,89097
68.0199966430664,2026-03-26,68.33999633789062,66.87000274658203,67.0999984741211,74748
67.41000366210938,2026-03-27,69.0999984741211,66.30000305175781,67.8499984741211,132667
68.47000122070312,2026-03-30,69.68000030517578,67.55000305175781,67.80999755859375,86324
68.87999725341797,2026-03-31,69.20999908447266,68.0,68.51000213623047,93280
67.11000061035156,2026-04-01,69.0999984741211,66.97000122070312,68.94999694824219,101337
68.94000244140625,2026-04-02,69.16999816894531,66.73999786376953,67.01000213623047,0
69.94999694824219,2026-04-06,70.0,68.61000061035156,69.62000274658203,72670
69.72000122070312,2026-04-07,70.48999786376953,69.2699966430664,69.7699966430664,90850
67.41999816894531,2026-04-08,67.94999694824219,66.22000122070312,67.91999816894531,118569
67.69999694824219,2026-04-09,68.62999725341797,67.3499984741211,67.51000213623047,87480
67.08999633789062,2026-04-10,67.87000274658203,66.58000183105469,67.8499984741211,93043
66.5,2026-04-13,68.83000183105469,66.33999633789062,68.4800033569336,86781
66.44000244140625,2026-04-14,66.63999938964844,65.51000213623047,66.45999908447266,97814
67.5999984741211,2026-04-15,67.7300033569336,66.12999725341797,66.4000015258789,96071
69.33000183105469,2026-04-16,69.69000244140625,67.36000061035156,67.61000061035156,77457
68.16000366210938,2026-04-17,69.6500015258789,67.05999755859375,69.36000061035156,60845
69.62999725341797,2026-04-20,69.69000244140625,68.16999816894531,68.86000061035156,44057
72.13999938964844,2026-04-21,72.30999755859375,69.41999816894531,69.62999725341797,72628
71.68000030517578,2026-04-22,73.31999969482422,71.30000305175781,72.1500015258789,78447
71.66000366210938,2026-04-23,72.02999877929688,70.75,71.63999938964844,51230
71.91000366210938,2026-04-24,72.20999908447266,71.2300033569336,71.69999694824219,44205
72.26000213623047,2026-04-27,72.61000061035156,71.54000091552734,72.18000030517578,36285
73.37999725341797,2026-04-28,73.43000030517578,71.75,72.26000213623047,29219
75.30999755859375,2026-04-29,75.38999938964844,73.08000183105469,73.44999694824219,21466
76.36000061035156,2026-04-30,76.38999938964844,74.75,75.75,1887
76.6500015258789,2026-05-01,77.16999816894531,76.25,77.08000183105469,374
78.0199966430664,2026-05-04,78.44000244140625,76.4000015258789,76.69000244140625,111
78.4000015258789,2026-05-05,78.5,78.0,78.1500015258789,57
76.51000213623047,2026-05-06,77.8499984741211,76.01000213623047,77.8499984741211,108
75.08999633789062,2026-05-07,76.70999908447266,74.94000244140625,76.5999984741211,148
75.26000213623047,2026-05-08,75.66999816894531,75.26000213623047,75.66999816894531,265
74.68000030517578,2026-05-11,76.31999969482422,74.37000274658203,76.31999969482422,29
76.30000305175781,2026-05-12,76.30000305175781,75.3499984741211,76.02999877929688,32
75.26000213623047,2026-05-13,77.05000305175781,75.26000213623047,76.37999725341797,151
74.81999969482422,2026-05-14,74.81999969482422,74.81999969482422,74.81999969482422,79879
73.87999725341797,2026-05-15,74.25,73.13999938964844,73.95999908447266,82222
75.62999725341797,2026-05-18,75.83999633789062,74.19000244140625,74.25,79373
75.44000244140625,2026-05-19,75.9000015258789,75.18000030517578,75.56999969482422,49067
74.66000366210938,2026-05-20,76.31999969482422,74.51000213623047,75.44999694824219,73509
73.87000274658203,2026-05-21,74.95999908447266,73.51000213623047,74.62000274658203,74106
73.9800033569336,2026-05-22,74.5999984741211,73.83999633789062,74.0,70947
74.36000061035156,2026-05-26,74.4000015258789,72.98999786376953,73.05000305175781,73894
75.26000213623047,2026-05-27,75.41999816894531,73.87999725341797,74.5,83909
76.69999694824219,2026-05-28,76.80999755859375,74.69999694824219,75.25,117175
77.72000122070312,2026-05-29,78.36000061035156,76.0999984741211,76.69999694824219,107124
79.08999633789062,2026-06-01,79.69000244140625,77.33999633789062,77.72000122070312,109195
78.41000366210938,2026-06-02,79.19999694824219,77.5,79.19999694824219,93734
78.70999908447266,2026-06-03,79.55000305175781,78.41000366210938,78.55000305175781,92034
76.29000091552734,2026-06-04,78.73999786376953,75.95999908447266,78.70999908447266,109608
74.12000274658203,2026-06-05,76.72000122070312,73.61000061035156,76.5999984741211,130883
74.55999755859375,2026-06-08,74.94000244140625,72.86000061035156,74.44000244140625,129772
74.91000366210938,2026-06-09,75.83999633789062,73.97000122070312,74.55999755859375,112533
75.33000183105469,2026-06-10,75.79000091552734,74.54000091552734,74.97000122070312,89001
74.44999694824219,2026-06-11,76.02999877929688,73.91999816894531,75.75,104259
74.27999877929688,2026-06-12,74.72000122070312,72.44999694824219,74.2300033569336,79936
74.37000274658203,2026-06-15,74.43000030517578,72.37000274658203,73.5,87516
72.91999816894531,2026-06-16,74.69000244140625,72.66999816894531,74.44999694824219,81340
71.54000091552734,2026-06-17,73.30000305175781,71.19999694824219,73.0999984741211,96884
69.69000244140625,2026-06-18,71.5999984741211,68.0,71.58000183105469,145309
71.1500015258789,2026-06-22,71.4000015258789,69.58999633789062,70.0999984741211,145309
66.61000061035156,2026-06-23,67.30000305175781,66.27999877929688,66.98999786376953,54941
