close,date,high,low,open,volume
1.3035430908203125,2024-08-21,1.3078734874725342,1.301168441772461,1.303508996963501,0
1.309346079826355,2024-08-22,1.3129045963287354,1.308215618133545,1.3092947006225586,0
1.3097747564315796,2024-08-23,1.3229963779449463,1.3092775344848633,1.3097577095031738,0
1.3212658166885376,2024-08-26,1.3222440481185913,1.318252444267273,1.3214752674102783,0
1.3191741704940796,2024-08-27,1.324591040611267,1.3180805444717407,1.3192107677459717,0
1.3257501125335693,2024-08-28,1.326259970664978,1.3192611932754517,1.325644612312317,0
1.3193656206130981,2024-08-29,1.3227006196975708,1.3146650791168213,1.3194527626037598,0
1.3166210651397705,2024-08-30,1.3201320171356201,1.3126460313796997,1.3165169954299927,0
1.3128528594970703,2024-09-02,1.3154432773590088,1.3120776414871216,1.3130769729614258,0
1.314198613166809,2024-09-03,1.3147515058517456,1.3090033531188965,1.3141123056411743,0
1.3114066123962402,2024-09-04,1.317488431930542,1.3102381229400635,1.3113549947738647,0
1.3144749402999878,2024-09-05,1.3188087940216064,1.3138878345489502,1.3144749402999878,0
1.317748785018921,2024-09-06,1.3234341144561768,1.3129907846450806,1.3177313804626465,0
1.3133355379104614,2024-09-09,1.314388632774353,1.3071553707122803,1.313232183456421,0
1.307138204574585,2024-09-10,1.310753345489502,1.304988980293274,1.3069844245910645,0
1.3080273866653442,2024-09-11,1.3111659288406372,1.3003225326538086,1.308215618133545,0
1.3039510250091553,2024-09-12,1.3083868026733398,1.3032711744308472,1.3039170503616333,0
1.313232183456421,2024-09-13,1.3156856298446655,1.3116475343704224,1.3133183717727661,0
1.3137997388839722,2024-09-16,1.3213878870010376,1.3135944604873657,1.3135944604873657,0
1.3210737705230713,2024-09-17,1.3230313062667847,1.3159972429275513,1.3210737705230713,0
1.3167423009872437,2024-09-18,1.3252933025360107,1.3156163692474365,1.316759705543518,0
1.3201146125793457,2024-09-19,1.3311856985092163,1.3155124187469482,1.3203411102294922,0
1.328179955482483,2024-09-20,1.3341338634490967,1.3270519971847534,1.328303575515747,0
1.331398367881775,2024-09-23,1.336023211479187,1.3251352310180664,1.3312742710113525,0
1.3349887132644653,2024-09-24,1.339925765991211,1.3333333730697632,1.3349709510803223,0
1.3427324295043945,2024-09-25,1.3429667949676514,1.3336889743804932,1.3427324295043945,0
1.3315792083740234,2024-09-26,1.3432915210723877,1.331416130065918,1.3314870595932007,0
1.341381549835205,2024-09-27,1.342822551727295,1.3361660242080688,1.3412017822265625,0
1.338329792022705,2024-09-30,1.3424620628356934,1.3363088369369507,1.338329792022705,0
1.3376137018203735,2024-10-01,1.339046597480774,1.326470971107483,1.3377926349639893,0
1.327404260635376,2024-10-02,1.3305480480194092,1.3248717784881592,1.3274747133255005,0
1.326611876487732,2024-10-03,1.3265414237976074,1.309431791305542,1.3263479471206665,0
1.3130252361297607,2024-10-04,1.3175230026245117,1.3073091506958008,1.313042402267456,0
1.3125253915786743,2024-10-07,1.3134045600891113,1.3060115575790405,1.312404751777649,0
1.3084723949432373,2024-10-08,1.31137216091156,1.3065404891967773,1.3086093664169312,0
1.309483289718628,2024-10-09,1.3103755712509155,1.305841088294983,1.3094146251678467,0
1.306830883026123,2024-10-10,1.309346079826355,1.3027619123458862,1.306711196899414,0
1.3062163591384888,2024-10-11,1.308215618133545,1.3043251037597656,1.306165099143982,0
1.3049037456512451,2024-10-14,1.3072236776351929,1.303152322769165,1.3049379587173462,0
1.3067454099655151,2024-10-15,1.310186743736267,1.3036279678344727,1.3068478107452393,0
1.3065917491912842,2024-10-16,1.3077365159988403,1.2983640432357788,1.306557536125183,0
1.29902184009552,2024-10-17,1.302032470703125,1.2975890636444092,1.2991737127304077,0
1.301574945449829,2024-10-18,1.3068649768829346,1.3012362718582153,1.301608681678772,0
1.3052616119384766,2024-10-21,1.3053126335144043,1.2979763746261597,1.3051422834396362,0
1.298296570777893,2024-10-22,1.3015241622924805,1.2946492433547974,1.2983134984970093,0
1.2982797622680664,2024-10-23,1.2996126413345337,1.2937614917755127,1.2981956005096436,0
1.291372299194336,2024-10-24,1.2986844778060913,1.2912222146987915,1.2916392087936401,0
1.2973365783691406,2024-10-25,1.2999167442321777,1.295706033706665,1.2974039316177368,0
1.295823574066162,2024-10-28,1.3000857830047607,1.294062852859497,1.295823574066162,0
1.2974711656570435,2024-10-29,1.3007622957229614,1.2958402633666992,1.2975554466247559,0
1.3014055490493774,2024-10-30,1.3039339780807495,1.2939456701278687,1.301168441772461,0
1.2959579229354858,2024-10-31,1.2998830080032349,1.2847524881362915,1.295873999595642,0
1.2897733449935913,2024-11-01,1.2979259490966797,1.2885435819625854,1.2894740104675293,0
1.2953401803970337,2024-11-04,1.3000519275665283,1.2936275005340576,1.295303225517273,0
1.2954542636871338,2024-11-05,1.3021341562271118,1.2948838472366333,1.2953367233276367,0
1.3043591976165771,2024-11-06,1.3043761253356934,1.2836312055587769,1.3040530681610107,0
1.2883278131484985,2024-11-07,1.3009145259857178,1.2877471446990967,1.2883278131484985,0
1.2982292175292969,2024-11-08,1.2985326051712036,1.2903226613998413,1.2983640432357788,0
1.2917059659957886,2024-11-11,1.292657732963562,1.2856611013412476,1.2915725708007812,0
1.2874983549118042,2024-11-12,1.2874155044555664,1.273123025894165,1.2874155044555664,0
1.2739177942276,2024-11-13,1.276242733001709,1.2689549922943115,1.273739218711853,0
1.27068030834198,2024-11-14,1.2720379829406738,1.2631398439407349,1.2707772254943848,0
1.266784906387329,2024-11-15,1.269841194152832,1.2616068124771118,1.266640543937683,0
1.261765956878662,2024-11-18,1.2662235498428345,1.2614953517913818,1.2619729042053223,0
1.2679253816604614,2024-11-19,1.2688745260238647,1.261479377746582,1.2679253816604614,0
1.2694543600082397,2024-11-20,1.2714558839797974,1.2633121013641357,1.2694865465164185,0
1.2655344009399414,2024-11-21,1.2661433219909668,1.2581623792648315,1.2655985355377197,0
1.2584789991378784,2024-11-22,1.2594457864761353,1.248860478401184,1.2585422992706299,0
1.2593823671340942,2024-11-25,1.2612725496292114,1.2542331218719482,1.2589067220687866,0
1.2533055543899536,2024-11-26,1.2616544961929321,1.2508755922317505,1.2530543804168701,0
1.2573871612548828,2024-11-27,1.269293189048767,1.2567708492279053,1.2575452327728271,0
1.2677645683288574,2024-11-28,1.2691482305526733,1.2645741701126099,1.2674914598464966,0
1.2696800231933594,2024-11-29,1.2748761177062988,1.2673628330230713,1.2696478366851807,0
1.270163893699646,2024-12-02,1.2722160816192627,1.2619411945343018,1.2705672979354858,0
1.265854835510254,2024-12-03,1.2696800231933594,1.2640306949615479,1.265806794166565,0
1.2674272060394287,2024-12-04,1.2717468738555908,1.2635835409164429,1.2674272060394287,0
1.2701154947280884,2024-12-05,1.2770249843597412,1.269357681274414,1.2701315879821777,0
1.2759333848953247,2024-12-06,1.2809674739837646,1.2731555700302124,1.2759333848953247,0
1.2749296426773071,2024-12-09,1.2798033952713013,1.271779179573059,1.2746647596359253,0
1.2749085426330566,2024-12-10,1.276650071144104,1.2725237607955933,1.274843454360962,0
1.2780042886734009,2024-12-11,1.2782166004180908,1.2714719772338867,1.2780369520187378,0
1.2766337394714355,2024-12-12,1.2787723541259766,1.2673307657241821,1.276650071144104,0
1.2677323818206787,2024-12-13,1.2679253816604614,1.2609069347381592,1.2675557136535645,0
1.2627378702163696,2024-12-16,1.2696800231933594,1.262817621231079,1.2629451751708984,0
1.2690355777740479,2024-12-17,1.2720541954040527,1.2667688131332397,1.2695188522338867,0
1.2710840702056885,2024-12-18,1.2723132371902466,1.2680377960205078,1.2708903551101685,0
1.2567708492279053,2024-12-19,1.2666244506835938,1.2526618242263794,1.2570394277572632,0
1.2497968673706055,2024-12-20,1.25911283493042,1.2476201057434082,1.249750018119812,0
1.256991982460022,2024-12-23,1.2588117122650146,1.2510946989059448,1.2571974992752075,0
1.2534469366073608,2024-12-24,1.257403016090393,1.2524266242980957,1.2533683776855469,0
1.2536041736602783,2024-12-25,1.2813055515289307,1.240999698638916,1.2536041736602783,0
1.254374623298645,2024-12-26,1.2549996376037598,1.2502655982971191,1.2543903589248657,0
1.2529758214950562,2024-12-27,1.2591445446014404,1.2506722211837769,1.2529443502426147,0
1.257880687713623,2024-12-30,1.2607479095458984,1.2508130073547363,1.257956624031067,0
1.254909873008728,2024-12-31,1.256818175315857,1.2514861822128296,1.254900336265564,0
1.2519248723983765,2025-01-02,1.2540757656097412,1.2360633611679077,1.2521003484725952,0
1.2380222082138062,2025-01-03,1.2419891357421875,1.237884283065796,1.2380222082138062,0
1.2426837682724,2025-01-06,1.2550673484802246,1.241896629333496,1.24251389503479,0
1.2510946989059448,2025-01-07,1.2576401233673096,1.2485017776489258,1.2510634660720825,0
1.247785210609436,2025-01-08,1.2494065761566162,1.2322555780410767,1.2476606369018555,0
1.2359870672225952,2025-01-09,1.2366442680358887,1.2245897054672241,1.2359411716461182,0
1.2299367189407349,2025-01-10,1.2321947813034058,1.2196757793426514,1.229906439781189,0
1.2204945087432861,2025-01-13,1.2207627296447754,1.2101263999938965,1.2204201221466064,0
1.2233314514160156,2025-01-14,1.224289894104004,1.2141668796539307,1.2231218814849854,0
1.221344232559204,2025-01-15,1.2306934595108032,1.216944694519043,1.2210757732391357,0
1.2243348360061646,2025-01-16,1.2248448133468628,1.217700481414795,1.2243348360061646,0
1.2236906290054321,2025-01-17,1.2244248390197754,1.2162491083145142,1.223466157913208,0
1.2171002626419067,2025-01-20,1.2323921918869019,1.2166634798049927,1.2175670862197876,0
1.233136773109436,2025-01-21,1.2345222234725952,1.2231967449188232,1.2333194017410278,0
1.2335399389266968,2025-01-22,1.2375471591949463,1.23093581199646,1.234126091003418,0
1.231420874595642,2025-01-23,1.2358037233352661,1.2294225692749023,1.231569528579712,0
1.2353914976119995,2025-01-24,1.2495627403259277,1.2350252866744995,1.235467791557312,0
1.2459352016448975,2025-01-27,1.2523951530456543,1.242714524269104,1.2459661960601807,0
1.2460592985153198,2025-01-28,1.2465718984603882,1.2416189908981323,1.2454074621200562,0
1.2441680431365967,2025-01-29,1.2462767362594604,1.2394338846206665,1.2442607879638672,0
1.245530128479004,2025-01-30,1.2475829124450684,1.2425910234451294,1.2455161809921265,0
1.2423903942108154,2025-01-31,1.2455471754074097,1.2388964891433716,1.2422515153884888,0
1.2291958332061768,2025-02-03,1.2435336112976074,1.2250398397445679,1.229135513305664,0
1.2431780099868774,2025-02-04,1.2493128776550293,1.2382980585098267,1.2435646057128906,0
1.2478163242340088,2025-02-05,1.2548468112945557,1.2464631795883179,1.2477540969848633,0
1.2504063844680786,2025-02-06,1.2509851455688477,1.2368583679199219,1.2502344846725464,0
1.2437502145767212,2025-02-07,1.2490476369857788,1.2389885187149048,1.2435799837112427,0
1.2391574382781982,2025-02-10,1.2421588897705078,1.237317442893982,1.2390345335006714,0
1.2360633611679077,2025-02-11,1.2425756454467773,1.2334562540054321,1.2361550331115723,0
1.245159387588501,2025-02-12,1.2464165687561035,1.237930178642273,1.2452524900436401,0
1.2450664043426514,2025-02-13,1.254028558731079,1.2444467544555664,1.2452058792114258,0
1.2563445568084717,2025-02-14,1.263024926185608,1.2550673484802246,1.2567076683044434,0
1.2584155797958374,2025-02-17,1.2613998651504517,1.2581149339675903,1.2584631443023682,0
1.262148141860962,2025-02-18,1.2623871564865112,1.2583681344985962,1.2621641159057617,0
1.2625784873962402,2025-02-19,1.2639029026031494,1.2571184635162354,1.26262629032135,0
1.2584155797958374,2025-02-20,1.2648781538009644,1.2581465244293213,1.2583839893341064,0
1.2670401334762573,2025-02-21,1.2678771018981934,1.2631845474243164,1.2670094966888428,0
1.2649900913238525,2025-02-24,1.269196629524231,1.2614158391952515,1.2649260759353638,0
1.261781930923462,2025-02-25,1.267812728881836,1.2609069347381592,1.2618932723999023,0
1.2674431800842285,2025-02-26,1.2707933187484741,1.2636793851852417,1.2673468589782715,0
1.2682307958602905,2025-02-27,1.268890619277954,1.261702299118042,1.2681005001068115,0
1.259890079498291,2025-02-28,1.2622597217559814,1.2575136423110962,1.25979483127594,0
1.260398268699646,2025-03-03,1.2711325883865356,1.258447289466858,1.260159969329834,0
1.270147681236267,2025-03-04,1.2753963470458984,1.2679204940795898,1.2702445983886719,0
1.2794268131256104,2025-03-05,1.287813425064087,1.2768783569335938,1.2795741558074951,0
1.2891913652420044,2025-03-06,1.292306900024414,1.286852240562439,1.2889920473098755,0
1.2885303497314453,2025-03-07,1.2944984436035156,1.287697434425354,1.2883775234222412,0
1.2932428121566772,2025-03-10,1.2946324348449707,1.2876144647598267,1.293326497077942,0
1.2875481843948364,2025-03-11,1.2955213785171509,1.2873326539993286,1.287597894668579,0
1.294481635093689,2025-03-12,1.2988194227218628,1.2914507389068604,1.294481635093689,0
1.2964283227920532,2025-03-13,1.2973533868789673,1.2922234535217285,1.2964956760406494,0
1.2958402633666992,2025-03-14,1.2959076166152954,1.2912389039993286,1.2956725358963013,0
1.2930588722229004,2025-03-17,1.2994775772094727,1.2927913665771484,1.2927913665771484,0
1.2985326051712036,2025-03-18,1.3006099462509155,1.2954374551773071,1.2986000776290894,0
1.3000519275665283,2025-03-19,1.3003731966018677,1.2955548763275146,1.3000519275665283,0
1.3010668754577637,2025-03-20,1.3015241622924805,1.2937448024749756,1.3010668754577637,0
1.2967981100082397,2025-03-21,1.297117829322815,1.2891415357589722,1.2966468334197998,0
1.2924572229385376,2025-03-24,1.2972356081008911,1.290988802909851,1.2925240993499756,0
1.2924238443374634,2025-03-25,1.2960922718048096,1.2904558181762695,1.292290210723877,0
1.2943308353424072,2025-03-26,1.294732928276062,1.2876144647598267,1.2945318222045898,0
1.2877637147903442,2025-03-27,1.2992243766784668,1.2877304553985596,1.2877304553985596,0
1.295202612876892,2025-03-28,1.2968822717666626,1.2923569679260254,1.2951186895370483,0
1.2938284873962402,2025-03-31,1.2972524166107178,1.2890751361846924,1.2939958572387695,0
1.292089819908142,2025-04-01,1.2940963506698608,1.2880107164382935,1.2919896841049194,0
1.292306900024414,2025-04-02,1.2979763746261597,1.2903059720993042,1.292240023612976,0
1.3046314716339111,2025-04-03,1.3204457759857178,1.3028467893600464,1.3044782876968384,0
1.308866262435913,2025-04-04,1.3112174272537231,1.2915558815002441,1.3090033531188965,0
1.2910722494125366,2025-04-07,1.2933598756790161,1.2722808122634888,1.2912389039993286,0
1.2734960317611694,2025-04-08,1.2795906066894531,1.2726532220840454,1.2738852500915527,0
1.2790995836257935,2025-04-09,1.2860578298568726,1.2753963470458984,1.278756022453308,0
1.2825446128845215,2025-04-10,1.2978248596191406,1.2824294567108154,1.2826762199401855,0
1.2992074489593506,2025-04-11,1.3142850399017334,1.298751950263977,1.2994269132614136,0
1.3085237741470337,2025-04-14,1.320166826248169,1.3085750341415405,1.309088945388794,0
1.3174536228179932,2025-04-15,1.3251878023147583,1.3166210651397705,1.3173494338989258,0
1.323101282119751,2025-04-16,1.3292568922042847,1.3228038549423218,1.3231889009475708,0
1.3233989477157593,2025-04-17,1.327351450920105,1.3205852508544922,1.323328971862793,0
1.3379716873168945,2025-04-22,1.34217369556427,1.3358268737792969,1.3381506204605103,0
1.327316164970398,2025-04-23,1.3339202404022217,1.3253458738327026,1.327316164970398,0
1.326453447341919,2025-04-24,1.3330844640731812,1.3261016607284546,1.3265414237976074,0
1.3326226472854614,2025-04-25,1.3330134153366089,1.327492356300354,1.332746982574463,0
1.3290096521377563,2025-04-28,1.3419395685195923,1.3281270265579224,1.3290096521377563,0
1.3436164855957031,2025-04-29,1.3442305326461792,1.3381506204605103,1.343508243560791,0
1.3410794734954834,2025-04-30,1.3414356708526611,1.331061601638794,1.3412736654281616,0
1.3323917388916016,2025-05-01,1.3345255851745605,1.3265942335128784,1.3321610689163208,0
1.3286387920379639,2025-05-02,1.333066701889038,1.3267878293991089,1.3286564350128174,0
1.3271929025650024,2025-05-05,1.3336178064346313,1.3262423276901245,1.327087163925171,0
1.3292568922042847,2025-05-06,1.3400514125823975,1.3262248039245605,1.3290272951126099,0
1.335594892501831,2025-05-07,1.3377031087875366,1.3324273824691772,1.335309624671936,0
1.3294159173965454,2025-05-08,1.3357020616531372,1.3251526355743408,1.3291332721710205,0
1.323539137840271,2025-05-09,1.331788420677185,1.3213530778884888,1.324082374572754,0
1.3289036750793457,2025-05-12,1.3299640417099,1.314198613166809,1.3284798860549927,0
1.3177834749221802,2025-05-13,1.3281270265579224,1.3175404071807861,1.3178355693817139,0
1.3304418325424194,2025-05-14,1.3360588550567627,1.3287447690963745,1.3304595947265625,0
1.3263479471206665,2025-05-15,1.3318772315979004,1.326066493988037,1.326435923576355,0
1.3306896686553955,2025-05-16,1.333191156387329,1.325468897819519,1.3303179740905762,0
1.3305498361587524,2025-05-19,1.3403388261795044,1.329186201095581,1.3305658102035522,0
1.3360053300857544,2025-05-20,1.339620590209961,1.3335466384887695,1.3359695672988892,0
1.3397821187973022,2025-05-21,1.3468012809753418,1.3389748334884644,1.3398540019989014,0
1.3419036865234375,2025-05-22,1.3441040515899658,1.3392080068588257,1.3422459363937378,0
1.3419216871261597,2025-05-23,1.3533447980880737,1.3419395685195923,1.3421378135681152,0
1.3535828590393066,2025-05-26,1.3592866659164429,1.3537662029266357,1.3537845611572266,0
1.3565207719802856,2025-05-27,1.3587141036987305,1.3501471281051636,1.3566679954528809,0
1.3513330221176147,2025-05-28,1.3522467613220215,1.3451164960861206,1.351515769958496,0
1.3431472778320312,2025-05-29,1.3507490158081055,1.3421016931533813,1.3426964282989502,0
1.3498992919921875,2025-05-30,1.3511505126953125,1.3450984954833984,1.3499648571014404,0
1.346728801727295,2025-06-02,1.355968952178955,1.3469464778900146,1.3469464778900146,0
1.3556748628616333,2025-06-03,1.355821967124939,1.3494731187820435,1.3557300567626953,0
1.353143334388733,2025-06-04,1.358105182647705,1.3502565622329712,1.3531616926193237,0
1.3552155494689941,2025-06-05,1.3617299795150757,1.354132890701294,1.3551788330078125,0
1.3579576015472412,2025-06-06,1.358540654182434,1.3508037328720093,1.357994556427002,0
1.3538211584091187,2025-06-09,1.3581604957580566,1.3524478673934937,1.3537296056747437,0
1.3556748628616333,2025-06-10,1.3564839363098145,1.3458950519561768,1.355380892753601,0
1.3508219718933105,2025-06-11,1.3557300567626953,1.3464748859405518,1.350858449935913,0
1.3567416667938232,2025-06-12,1.3623607158660889,1.3526124954223633,1.3568705320358276,0
1.3627691268920898,2025-06-13,1.3632521629333496,1.3517167568206787,1.36306631565094,0
1.3557006120681763,2025-06-16,1.362323522567749,1.3536012172698975,1.3547013998031616,0
1.3565576076507568,2025-06-17,1.3580129146575928,1.3497644662857056,1.3568521738052368,0
1.3430029153823853,2025-06-18,1.3477089405059814,1.3427865505218506,1.343075156211853,0
1.3416515588760376,2025-06-19,1.3450080156326294,1.3383835554122925,1.3415075540542603,0
1.3476725816726685,2025-06-20,1.3511322736740112,1.3456052541732788,1.3478723764419556,0
1.3435983657836914,2025-06-23,1.3505300283432007,1.3373453617095947,1.3436886072158813,0
1.3545364141464233,2025-06-24,1.3646661043167114,1.353747844696045,1.3546464443206787,0
1.361488938331604,2025-06-25,1.3634381294250488,1.3592497110366821,1.361488938331604,0
1.369187831878662,2025-06-26,1.3764814138412476,1.3678767681121826,1.3691315650939941,0
1.37247633934021,2025-06-27,1.3751753568649292,1.3705388307571411,1.3726835250854492,0
1.3719680309295654,2025-06-30,1.3741360902786255,1.3676148653030396,1.372062087059021,0
1.3730605840682983,2025-07-01,1.3788729906082153,1.3705388307571411,1.373437762260437,0
1.374721646308899,2025-07-02,1.3753266334533691,1.356760025024414,1.374721646308899,0
1.3650014400482178,2025-07-03,1.3675214052200317,1.359194278717041,1.3651504516601562,0
1.366829752922058,2025-07-04,1.3681762218475342,1.3635309934616089,1.3666430711746216,0
1.3651504516601562,2025-07-07,1.3657844066619873,1.3575890064239502,1.365075945854187,0
1.3623607158660889,2025-07-08,1.3646661043167114,1.3528138399124146,1.3625463247299194,0
1.3585295677185059,2025-07-09,1.3618227243423462,1.3566128015518188,1.3585295677185059,0
1.3593051433563232,2025-07-10,1.3620266914367676,1.3534363508224487,1.3597116470336914,0
1.3579576015472412,2025-07-11,1.3581236600875854,1.3483812808990479,1.3580313920974731,0
1.3493820428848267,2025-07-14,1.3504753112792969,1.343273639678955,1.3497098684310913,0
1.3428045511245728,2025-07-15,1.3466562032699585,1.3382043838500977,1.3427324295043945,0
1.3393335342407227,2025-07-16,1.3477270603179932,1.3367375135421753,1.3394231796264648,0
1.3411099910736084,2025-07-17,1.3418675661087036,1.337595820426941,1.3410757780075073,0
1.3432555198669434,2025-07-18,1.347490906715393,1.3411656618118286,1.3431472778320312,0
1.341597557067871,2025-07-21,1.3510043621063232,1.3403208255767822,1.3416335582733154,0
1.348945140838623,2025-07-22,1.3520090579986572,1.3463118076324463,1.348945140838623,0
1.352155327796936,2025-07-23,1.3575890064239502,1.3517167568206787,1.3521736860275269,0
1.3579576015472412,2025-07-24,1.3588987588882446,1.3523746728897095,1.3579576015472412,0
1.3510043621063232,2025-07-25,1.3512235879898071,1.341813564300537,1.3509862422943115,0
1.344085931777954,2025-07-28,1.3453338146209717,1.3392258882522583,1.3439956903457642,0
1.336023211479187,2025-07-29,1.3362016677856445,1.330866813659668,1.3358447551727295,0
1.3353630304336548,2025-07-30,1.3385447263717651,1.3272985219955444,1.3356127738952637,0
1.3257676362991333,2025-07-31,1.32821524143219,1.3188261985778809,1.325556755065918,0
1.3209865093231201,2025-08-01,1.3305480480194092,1.314405918121338,1.3207422494888306,0
1.3289920091629028,2025-08-04,1.3330844640731812,1.325468897819519,1.3292216062545776,0
1.3297518491744995,2025-08-05,1.3309553861618042,1.3263126611709595,1.3299994468688965,0
1.3299463987350464,2025-08-06,1.3358982801437378,1.3283387422561646,1.3298580646514893,0
1.3357912302017212,2025-08-07,1.3437248468399048,1.3347570896148682,1.3357733488082886,0
1.345152735710144,2025-08-08,1.3454785346984863,1.3419936895370483,1.345188856124878,0
1.3444474935531616,2025-08-11,1.3476543426513672,1.3400335311889648,1.3443931341171265,0
1.3435261249542236,2025-08-12,1.3523930311203003,1.342227816581726,1.3434358835220337,0
1.3504207134246826,2025-08-13,1.3585110902786255,1.3494184017181396,1.3505300283432007,0
1.3585295677185059,2025-08-14,1.3594529628753662,1.3529237508773804,1.3585665225982666,0
1.3530701398849487,2025-08-15,1.3575520515441895,1.3528321981430054,1.3530151844024658,0
1.3556381464004517,2025-08-18,1.3565999269485474,1.3512965440750122,1.355766773223877,0
1.3508219718933105,2025-08-19,1.3531067371368408,1.3488178253173828,1.3508037328720093,0
1.348679542541504,2025-08-20,1.3508949279785156,1.3448994159698486,1.3485630750656128,0
1.3466380834579468,2025-08-21,1.3483085632324219,1.3410218954086304,1.346619963645935,0
1.3419395685195923,2025-08-22,1.3543713092803955,1.3391542434692383,1.341687560081482,0
1.35111403465271,2025-08-25,1.3528138399124146,1.348435878753662,1.3509807586669922,0
1.3453518152236938,2025-08-26,1.3492727279663086,1.343508243560791,1.3454241752624512,0
1.3478723764419556,2025-08-27,1.3478542566299438,1.3418315649032593,1.3477907180786133,0
1.3503841161727905,2025-08-28,1.3528138399124146,1.3485267162322998,1.3504753112792969,0
1.35111403465271,2025-08-29,1.351387858390808,1.3448452949523926,1.3509862422943115,0
1.3503841161727905,2025-09-01,1.354958415031433,1.3503658771514893,1.3504207134246826,0
1.3547931909561157,2025-09-02,1.3548849821090698,1.3341693878173828,1.3547013998031616,0
1.3383476734161377,2025-09-03,1.3453338146209717,1.3336355686187744,1.3383656740188599,0
1.3441582918167114,2025-09-04,1.3458588123321533,1.341795563697815,1.344212532043457,0
1.3444474935531616,2025-09-05,1.3554543256759644,1.344266653060913,1.3444474935531616,0
1.3492909669876099,2025-09-08,1.3556381464004517,1.3484903573989868,1.3492181301116943,0
1.3553073406219482,2025-09-09,1.3591573238372803,1.3525211811065674,1.3552706241607666,0
1.352109670639038,2025-09-10,1.3561527729034424,1.3516253232955933,1.3520822525024414,0
1.3534730672836304,2025-09-11,1.3577916622161865,1.3495277166366577,1.3532531261444092,0
1.3576626777648926,2025-09-12,1.3576072454452515,1.3525211811065674,1.3574045896530151,0
1.3553440570831299,2025-09-15,1.3619710206985474,1.3549401760101318,1.3555278778076172,0
1.3602666854858398,2025-09-16,1.3670727014541626,1.3598780632019043,1.3601741790771484,0
1.365392804145813,2025-09-17,1.366923213005066,1.36314058303833,1.3654673099517822,0
1.3629734516143799,2025-09-18,1.3657469749450684,1.353637933731079,1.3628991842269897,0
1.3556013107299805,2025-09-19,1.3559303283691406,1.3465837240219116,1.3555645942687988,0
1.3464748859405518,2025-09-22,1.3513513803482056,1.3453699350357056,1.346293568611145,0
1.3514974117279053,2025-09-23,1.3536012172698975,1.3490725755691528,1.351387858390808,0
1.3524478673934937,2025-09-24,1.3526124954223633,1.3428767919540405,1.3526124954223633,0
1.3452396392822266,2025-09-25,1.346619963645935,1.3342405557632446,1.3450080156326294,0
1.333653450012207,2025-09-26,1.341381549835205,1.3331378698349,1.3335111141204834,0
1.3408241271972656,2025-09-29,1.3456052541732788,1.3407701253890991,1.3407701253890991,0
1.3437248468399048,2025-09-30,1.3465837240219116,1.341579556465149,1.3435298204421997,0
1.3443390130996704,2025-10-01,1.352594256401062,1.343562364578247,1.3441762924194336,0
1.3480178117752075,2025-10-02,1.3509862422943115,1.3401951789855957,1.3477815389633179,0
1.3446643352508545,2025-10-03,1.348435878753662,1.342984914779663,1.3445920944213867,0
1.3433817625045776,2025-10-06,1.348435878753662,1.341795563697815,1.3433457612991333,0
1.3484903573989868,2025-10-07,1.3484539985656738,1.339441180229187,1.348435878753662,0
1.3421016931533813,2025-10-08,1.3438512086868286,1.3385089635849,1.3421016931533813,0
1.3401411771774292,2025-10-09,1.3419756889343262,1.3292216062545776,1.3400155305862427,0
1.3304948806762695,2025-10-10,1.3359339237213135,1.326664686203003,1.3303710222244263,0
1.3336178064346313,2025-10-13,1.3366124629974365,1.331611156463623,1.3338135480880737,0
1.3332622051239014,2025-10-14,1.3352917432785034,1.325065016746521,1.3333511352539062,0
1.3321610689163208,2025-10-15,1.340356707572937,1.3321077823638916,1.3321077823638916,0
1.3404465913772583,2025-10-16,1.3454241752624512,1.3400694131851196,1.3402310609817505,0
1.3445558547973633,2025-10-17,1.3473457098007202,1.3392438888549805,1.3444474935531616,0
1.342588186264038,2025-10-20,1.3444474935531616,1.339943766593933,1.3426783084869385,0
1.3405184745788574,2025-10-21,1.3417415618896484,1.3361302614212036,1.3403927087783813,0
1.336523175239563,2025-10-22,1.33872389793396,1.330672025680542,1.3366659879684448,0
1.3351848125457764,2025-10-23,1.3357733488082886,1.3311856985092163,1.335024356842041,0
1.332746982574463,2025-10-24,1.3358982801437378,1.3293275833129883,1.3327292203903198,0
1.3322391510009766,2025-10-27,1.335220456123352,1.3311147689819336,1.332356333732605,0
1.3341000080108643,2025-10-28,1.337005615234375,1.32501220703125,1.3339380025863647,0
1.3279330730438232,2025-10-29,1.3280742168426514,1.3197661638259888,1.3278449773788452,0
1.3195397853851318,2025-10-30,1.3219294548034668,1.311785101890564,1.319400429725647,0
1.3159106969833374,2025-10-31,1.3165291547775269,1.3099464178085327,1.3160146474838257,0
1.3134735822677612,2025-11-03,1.315028190612793,1.3110971450805664,1.3136461973190308,0
1.3135254383087158,2025-11-04,1.3140604496002197,1.3035770654678345,1.3131803274154663,0
1.3021697998046875,2025-11-05,1.3051422834396362,1.301168441772461,1.30218505859375,0
1.3052598237991333,2025-11-06,1.312404751777649,1.3051507472991943,1.3052785396575928,0
1.3140950202941895,2025-11-07,1.3174536228179932,1.3095518350601196,1.3140604496002197,0
1.3142677545547485,2025-11-10,1.319087266921997,1.3138360977172852,1.3150626420974731,0
1.3172974586486816,2025-11-11,1.3183567523956299,1.3117679357528687,1.317314863204956,0
1.3152875900268555,2025-11-12,1.315598964691162,1.3085922002792358,1.3152875900268555,0
1.3127838373184204,2025-11-13,1.3213530778884888,1.3104099035263062,1.3130252361297607,0
1.3152183294296265,2025-11-14,1.3192263841629028,1.3108221292495728,1.3153568506240845,0
1.3160146474838257,2025-11-17,1.3193308115005493,1.3137152194976807,1.3157376050949097,0
1.3156163692474365,2025-11-18,1.3175750970840454,1.3136979341506958,1.3153740167617798,0
1.3147515058517456,2025-11-19,1.3156682252883911,1.3069674968719482,1.3147515058517456,0
1.3061821460723877,2025-11-20,1.3121638298034668,1.3039339780807495,1.3060967922210693,0
1.308489441871643,2025-11-21,1.310289740562439,1.304036021232605,1.3083696365356445,0
1.3096375465393066,2025-11-24,1.3118194341659546,1.3081300258636475,1.3096890449523926,0
1.3106160163879395,2025-11-25,1.3195570707321167,1.3096497058868408,1.3106160163879395,0
1.315870761871338,2025-11-26,1.323591709136963,1.3125942945480347,1.3161011934280396,0
1.3244997262954712,2025-11-27,1.3269639015197754,1.3210737705230713,1.3245033025741577,0
1.3241175413131714,2025-11-28,1.3250824213027954,1.3201842308044434,1.3241350650787354,0
1.3239772319793701,2025-12-01,1.3274747133255005,1.3208295106887817,1.324082374572754,0
1.3209341764450073,2025-12-02,1.322226643562317,1.3181829452514648,1.3209865093231201,0
1.3219469785690308,2025-12-03,1.3347214460372925,1.3218246698379517,1.3220866918563843,0
1.3348817825317383,2025-12-04,1.3384193181991577,1.3324450254440308,1.3346858024597168,0
1.3321788311004639,2025-12-05,1.3362374305725098,1.3318772315979004,1.3323917388916016,0
1.3324593305587769,2025-12-08,1.3347214460372925,1.3307782411575317,1.3326581716537476,0
1.3326793909072876,2025-12-09,1.335505723953247,1.3290272951126099,1.3329778909683228,0
1.3303532600402832,2025-12-10,1.3340448141098022,1.3297696113586426,1.3303604125976562,0
1.3388315439224243,2025-12-11,1.3437970876693726,1.335594892501831,1.3389031887054443,0
1.339046597480774,2025-12-12,1.3400335311889648,1.3344007730484009,1.3393874168395996,0
1.3367732763290405,2025-12-15,1.3401411771774292,1.3354700803756714,1.336844801902771,0
1.3380612134933472,2025-12-16,1.345406174659729,1.335666298866272,1.3379716873168945,0
1.342499852180481,2025-12-17,1.3426424264907837,1.3313628435134888,1.342624306678772,0
1.3374598026275635,2025-12-18,1.3445378541946411,1.3342405557632446,1.3374526500701904,0
1.3385393619537354,2025-12-19,1.3387418985366821,1.3357733488082886,1.3384193181991577,0
1.3377031087875366,2025-12-22,1.346728801727295,1.3380074501037598,1.3380074501037598,0
1.3469899892807007,2025-12-23,1.3520638942718506,1.34689199924469,1.34689199924469,0
1.3513604402542114,2025-12-24,1.3535462617874146,1.3493820428848267,1.351387858390808,0
1.3508949279785156,2025-12-26,1.3526674509048462,1.3477815389633179,1.350712537765503,0
1.349727988243103,2025-12-29,1.3513513803482056,1.347127914428711,1.350074291229248,0
1.3510993719100952,2025-12-30,1.3530151844024658,1.3451708555221558,1.3509862422943115,0
1.346719741821289,2025-12-31,1.3476543426513672,1.3403388261795044,1.34678316116333,0
1.347363829612732,2026-01-02,1.3501653671264648,1.3435261249542236,1.347490906715393,0
1.3437970876693726,2026-01-05,1.35255765914917,1.3415435552597046,1.3439414501190186,0
1.3533997535705566,2026-01-06,1.356815218925476,1.3492909669876099,1.3534547090530396,0
1.3500559329986572,2026-01-07,1.3517532348632812,1.3470189571380615,1.3500378131866455,0
1.3459312915802002,2026-01-08,1.3466380834579468,1.3417595624923706,1.345949411392212,0
1.3438005447387695,2026-01-09,1.3447185754776,1.3394052982330322,1.3435803651809692,0
1.3394231796264648,2026-01-12,1.34865403175354,1.3392258882522583,1.339441180229187,0
1.3465656042099,2026-01-13,1.3488723039627075,1.3426603078842163,1.346619963645935,0
1.3426783084869385,2026-01-14,1.3462574481964111,1.342065691947937,1.342570185661316,0
1.344266653060913,2026-01-15,1.3446643352508545,1.3365589380264282,1.3440680503845215,0
1.3381328582763672,2026-01-16,1.3412916660308838,1.3367375135421753,1.338186502456665,0
1.3404287099838257,2026-01-19,1.3433637619018555,1.3382043838500977,1.3403388261795044,0
1.3418315649032593,2026-01-20,1.34916353225708,1.3410991430282593,1.3419216871261597,0
1.344085931777954,2026-01-21,1.3458588123321533,1.3402490615844727,1.3439956903457642,0
1.3419395685195923,2026-01-22,1.349800944328308,1.3410578966140747,1.3417415618896484,0
1.3501288890838623,2026-01-23,1.3597116470336914,1.3483449220657349,1.350001335144043,0
1.3662508726119995,2026-01-26,1.3712530136108398,1.3643310070037842,1.3662508726119995,0
1.3677457571029663,2026-01-27,1.3790820837020874,1.3665122985839844,1.3675214052200317,0
1.3824374675750732,2026-01-28,1.3829345703125,1.3751943111419678,1.3825522661209106,0
1.382533073425293,2026-01-29,1.3846771717071533,1.3748350143432617,1.382341980934143,0
1.380643367767334,2026-01-30,1.3814444541931152,1.371478796005249,1.3809102773666382,0
1.3679141998291016,2026-02-02,1.371441125869751,1.36275053024292,1.3681013584136963,0
1.367315649986267,2026-02-03,1.3707268238067627,1.3652622699737549,1.3674278259277344,0
1.3697504997253418,2026-02-04,1.3733245134353638,1.3644241094589233,1.3697504997253418,0
1.3644611835479736,2026-02-05,1.3654673099517822,1.3521188497543335,1.364628791809082,0
1.3520822525024414,2026-02-06,1.3615630865097046,1.3509862422943115,1.3521188497543335,0
1.3608959913253784,2026-02-09,1.3691691160202026,1.3588618040084839,1.3608589172363281,0
1.368344783782959,2026-02-10,1.3698630332946777,1.3653740882873535,1.3683072328567505,0
1.3634566068649292,2026-02-11,1.371290683746338,1.361952543258667,1.3633265495300293,0
1.362399697303772,2026-02-12,1.367128849029541,1.360544204711914,1.3623793125152588,0
1.3620266914367676,2026-02-13,1.364628791809082,1.3592127561569214,1.361952543258667,0
1.3647778034210205,2026-02-16,1.3662508726119995,1.3627134561538696,1.3647406101226807,0
1.3627691268920898,2026-02-17,1.3629549741744995,1.349800944328308,1.36286199092865,0
1.3564472198486328,2026-02-18,1.3582342863082886,1.3534547090530396,1.3564103841781616,0
1.349582314491272,2026-02-19,1.3517532348632812,1.3435261249542236,1.349545955657959,0
1.3461124897003174,2026-02-20,1.3514243364334106,1.3436344861984253,1.3460580110549927,0
1.3533265590667725,2026-02-23,1.3535646200180054,1.3477815389633179,1.352868676185608,0
1.34969162940979,2026-02-24,1.353747844696045,1.3471460342407227,1.3496370315551758,0
1.3497462272644043,2026-02-25,1.3551236391067505,1.349199891090393,1.3496370315551758,0
1.3558034896850586,2026-02-26,1.3574045896530151,1.3497098684310913,1.355821967124939,0
1.3491452932357788,2026-02-27,1.350548267364502,1.3441762924194336,1.3492363691329956,0
1.3406623601913452,2026-03-02,1.3456594944000244,1.3316820859909058,1.340752124786377,0
1.3410578966140747,2026-03-03,1.3425161838531494,1.325486421585083,1.3408960103988647,0
1.3353630304336548,2026-03-04,1.3404645919799805,1.3305480480194092,1.335309624671936,0
1.3369520902633667,2026-03-05,1.3386342525482178,1.3301233053207397,1.3369520902633667,0
1.3357375860214233,2026-03-06,1.3408780097961426,1.3313806056976318,1.3356841802597046,0
1.3301055431365967,2026-03-09,1.3398720026016235,1.3284975290298462,1.3307074308395386,0
1.3424980640411377,2026-03-10,1.3481448888778687,1.3415075540542603,1.3423900604248047,0
1.3419036865234375,2026-03-11,1.3457320928573608,1.3395847082138062,1.3421918153762817,0
1.338186502456665,2026-03-12,1.3409498929977417,1.3341693878173828,1.3380612134933472,0
1.335250735282898,2026-03-13,1.3369699716567993,1.323364019393921,1.3352383375167847,0
1.3247665166854858,2026-03-16,1.3316465616226196,1.3232413530349731,1.3249244689941406,0
1.3314337730407715,2026-03-17,1.3358982801437378,1.3274219036102295,1.3312742710113525,0
1.335951805114746,2026-03-18,1.3376137018203735,1.3306366205215454,1.3357912302017212,0
1.32650625705719,2026-03-19,1.3388315439224243,1.3249069452285767,1.326435923576355,0
1.342570185661316,2026-03-20,1.3436344861984253,1.3302825689315796,1.3424620628356934,0
1.3331555128097534,2026-03-23,1.347636342048645,1.3259961605072021,1.3334755897521973,0
1.342426061630249,2026-03-24,1.3444112539291382,1.3367732763290405,1.342570185661316,0
1.3416335582733154,2026-03-25,1.3436164855957031,1.3361302614212036,1.341471552848816,0
1.336362361907959,2026-03-26,1.337595820426941,1.332356333732605,1.336362361907959,0
1.3335645198822021,2026-03-27,1.3347997665405273,1.327527642250061,1.3336195945739746,0
1.3238370418548584,2026-03-30,1.3281975984573364,1.3175925016403198,1.323784351348877,0
1.3172800540924072,2026-03-31,1.326330304145813,1.316118597984314,1.3173494338989258,0
1.324327826499939,2026-04-01,1.3336000442504883,1.3222790956497192,1.3240998983383179,0
1.3302648067474365,2026-04-02,1.3314515352249146,1.3183915615081787,1.3302825689315796,0
1.3230313062667847,2026-04-03,1.3245033025741577,1.3197835683822632,1.323364019393921,0
1.3186348676681519,2026-04-06,1.3268407583236694,1.318913221359253,1.318913221359253,0
1.3234164714813232,2026-04-07,1.3285505771636963,1.3212482929229736,1.323328971862793,0
1.3401771783828735,2026-04-08,1.3484176397323608,1.3380969762802124,1.3402490615844727,0
1.3394052982330322,2026-04-09,1.3443931341171265,1.3382043838500977,1.3394052982330322,0
1.3430029153823853,2026-04-10,1.3479087352752686,1.3412736654281616,1.343021035194397,0
1.339441180229187,2026-04-13,1.3465473651885986,1.3386881351470947,1.3389569520950317,0
1.3515340089797974,2026-04-14,1.3588987588882446,1.3504297733306885,1.351186990737915,0
1.357533574104309,2026-04-15,1.3579576015472412,1.3544628620147705,1.357478380203247,0
1.3573696613311768,2026-04-16,1.3594344854354858,1.3519177436828613,1.3574230670928955,0
1.3526124954223633,2026-04-17,1.3598597049713135,1.3505666255950928,1.3522651195526123,0
1.348435878753662,2026-04-20,1.3544628620147705,1.3481813669204712,1.348435878753662,0
1.3531250953674316,2026-04-21,1.3538193702697754,1.348617672920227,1.3530151844024658,0
1.3509680032730103,2026-04-22,1.3535462617874146,1.3493455648422241,1.3512235879898071,0
1.3500378131866455,2026-04-23,1.3518263101577759,1.3479633331298828,1.3498555421829224,0
1.3466380834579468,2026-04-24,1.3519724607467651,1.3454241752624512,1.346765160560608,0
1.3515102863311768,2026-04-27,1.3575890064239502,1.3513513803482056,1.351387858390808,0
1.3538211584091187,2026-04-28,1.3542795181274414,1.3464386463165283,1.3538029193878174,0
1.3524478673934937,2026-04-29,1.3528138399124146,1.3473457098007202,1.3526674509048462,0
1.3488596677780151,2026-04-30,1.3592866659164429,1.345532774925232,1.348981499671936,0
1.3602666854858398,2026-05-01,1.3657844066619873,1.3588802814483643,1.3603407144546509,0
1.3581420183181763,2026-05-04,1.360063076019287,1.3526674509048462,1.3581420183181763,0
1.353143334388733,2026-05-05,1.357810139656067,1.3514426946640015,1.353179931640625,0
1.3568705320358276,2026-05-06,1.3643310070037842,1.3564103841781616,1.3568521738052368,0
1.3591758012771606,2026-05-07,1.3631964921951294,1.3590649366378784,1.3590649366378784,0
1.3555645942687988,2026-05-08,1.3629549741744995,1.354976773262024,1.3556013107299805,0
1.3594714403152466,2026-05-11,1.3652249574661255,1.3580683469772339,1.359397530555725,0
1.360470175743103,2026-05-12,1.3604886531829834,1.3503477573394775,1.360063076019287,0
1.3537001609802246,2026-05-13,1.3550686836242676,1.3487813472747803,1.353637933731079,0
1.352630853652954,2026-05-14,1.353363037109375,1.3475091457366943,1.352630853652954,0
1.3391362428665161,2026-05-15,1.3392438888549805,1.3317352533340454,1.339046597480774,0
1.330849051475525,2026-05-18,1.3424079418182373,1.3304418325424194,1.331061601638794,0
1.3432012796401978,2026-05-19,1.3433637619018555,1.338043212890625,1.3433637619018555,0
1.3396027088165283,2026-05-20,1.3461849689483643,1.3378641605377197,1.3392438888549805,0
1.3433998823165894,2026-05-21,1.345243215560913,1.3393514156341553,1.3434540033340454,0
1.3432555198669434,2026-05-22,1.345949411392212,1.3414356708526611,1.342984914779663,0
1.34816312789917,2026-05-25,1.3508037328720093,1.347164273262024,1.34816312789917,0
1.3496370315551758,2026-05-26,1.3497098684310913,1.3436344861984253,1.349582314491272,0
1.345532774925232,2026-05-27,1.3458950519561768,1.3417415618896484,1.3457139730453491,0
1.3416515588760376,2026-05-28,1.3447548151016235,1.336844801902771,1.3415615558624268,0
1.3444474935531616,2026-05-29,1.3485448360443115,1.340985894203186,1.3444656133651733,0
1.345152735710144,2026-06-01,1.347636342048645,1.3408780097961426,1.3450441360473633,0
1.3460001945495605,2026-06-02,1.3481448888778687,1.3451708555221558,1.3460218906402588,0
1.3454241752624512,2026-06-03,1.3473457098007202,1.3422459363937378,1.3453155755996704,0
1.3427144289016724,2026-06-04,1.3462574481964111,1.3412736654281616,1.3427144289016724,0
1.3427000045776367,2026-06-05,1.3482722043991089,1.3357375860214233,1.3424620628356934,0
1.3335645198822021,2026-06-08,1.3369520902633667,1.3306896686553955,1.3335645198822021,0
1.3333333730697632,2026-06-09,1.3409318923950195,1.3332266807556152,1.333280086517334,0
1.3372201919555664,2026-06-10,1.3422638177871704,1.3369340896606445,1.3372023105621338,0
1.3362016677856445,2026-06-11,1.3392258882522583,1.3325693607330322,1.3365768194198608,0
1.341381549835205,2026-06-12,1.3426424264907837,1.3385268449783325,1.3412197828292847,0
1.344971776008606,2026-06-15,1.3461124897003174,1.341813564300537,1.3453155755996704,0
1.341599464416504,2026-06-16,1.3441221714019775,1.339159607887268,1.3417415618896484,0
1.3426424264907837,2026-06-17,1.3435442447662354,1.3388851881027222,1.3424980640411377,0
1.3301233053207397,2026-06-18,1.3326226472854614,1.3207073211669922,1.330477237701416,0
1.3202017545700073,2026-06-19,1.3241524696350098,1.3163783550262451,1.3205503225326538,0
1.3207945823669434,2026-06-22,1.327210545539856,1.31851327419281,1.3208295106887817,0
1.3247138261795044,2026-06-23,1.3250298500061035,1.3186348676681519,1.324643611907959,0
1.3200099468231201,2026-06-24,1.3209341764450073,1.3143022060394287,1.3200798034667969,0
1.3166556358337402,2026-06-25,1.3217023611068726,1.3153221607208252,1.3162744045257568,0
1.318791389465332,2026-06-26,1.3232064247131348,1.3181134462356567,1.3190349340438843,0
1.319713830947876,2026-06-29,1.325556755065918,1.3194701671600342,1.3196094036102295,0
1.325398564338684,2026-06-30,1.3275628089904785,1.3214752674102783,1.3252756595611572,0
1.325065016746521,2026-07-01,1.3290272951126099,1.3221566677093506,1.32501220703125,0
1.3279330730438232,2026-07-02,1.3384552001953125,1.3275628089904785,1.32792067527771,0
1.3338704109191895,2026-07-03,1.3381685018539429,1.3335111141204834,1.3340448141098022,0
1.335309624671936,2026-07-06,1.336755394935608,1.333031177520752,1.3350956439971924,0
1.3397893905639648,2026-07-07,1.3401771783828735,1.3361839056015015,1.3394770622253418,0
1.3348907232284546,2026-07-08,1.3377926349639893,1.3324450254440308,1.3344898223876953,0
1.339620590209961,2026-07-09,1.3430029153823853,1.3384730815887451,1.3394052982330322,0
1.3415615558624268,2026-07-10,1.3451708555221558,1.3401232957839966,1.341381549835205,0
1.3386881351470947,2026-07-13,1.3411476612091064,1.3367018699645996,1.33865225315094,0
1.3347926139831543,2026-07-14,1.343742847442627,1.3343117237091064,1.3351134061813354,0
1.3397103548049927,2026-07-15,1.3497644662857056,1.338258147239685,1.3394949436187744,0
1.3541291952133179,2026-07-16,1.3544628620147705,1.3480722904205322,1.3539128303527832,0
1.3478904962539673,2026-07-17,1.3482539653778076,1.3427144289016724,1.3478542566299438,0
1.3446282148361206,2026-07-20,1.3480722904205322,1.3415435552597046,1.34442937374115,0
1.3431652784347534,2026-07-21,1.345532774925232,1.336094617843628,1.3431833982467651,0
1.3379179239273071,2026-07-22,1.33931565284729,1.335666298866272,1.337882161140442,0
1.337524175643921,2026-07-23,1.3394052982330322,1.3300524950027466,1.337595820426941,0
1.3312742710113525,2026-07-24,1.334917426109314,1.3307428359985352,1.331256628036499,0
1.335131287574768,2026-07-27,1.3364337682724,1.330034852027893,1.3353452682495117,0
1.3289920091629028,2026-07-28,1.3311147689819336,1.327316164970398,1.3288860321044922,0
1.3287270069122314,2026-07-29,1.3309376239776611,1.3279860019683838,1.3283917903900146,0
1.3367303609848022,2026-07-30,1.3462755680084229,1.3333333730697632,1.3368626832962036,0
1.3460942506790161,2026-07-31,1.347218632698059,1.3404287099838257,1.3460942506790161,0
1.34916353225708,2026-08-03,1.3501288890838623,1.342519760131836,1.3489269018173218,0
1.3427000045776367,2026-08-04,1.3457139730453491,1.3420008420944214,1.3428045511245728,0
1.3450984954833984,2026-08-05,1.3485267162322998,1.3444474935531616,1.3451708555221558,0
1.3469645977020264,2026-08-06,1.3479268550872803,1.3451708555221558,1.3468012809753418,0
1.345532774925232,2026-08-07,1.350785493850708,1.3435261249542236,1.345406174659729,0
1.34907066822052,2026-08-10,1.3529969453811646,1.3483812808990479,1.34890878200531,0
1.3511322736740112,2026-08-11,1.3517167568206787,1.3492909669876099,1.35111403465271,0
1.3509862422943115,2026-08-12,1.3540045022964478,1.35023832321167,1.3508949279785156,0
1.3497827053070068,2026-08-13,1.351278305053711,1.3476181030273438,1.3499284982681274,0
1.3490725755691528,2026-08-14,1.356042504310608,1.34890878200531,1.34916353225708,0
1.3546648025512695,2026-08-17,1.3571467399597168,1.3547749519348145,1.3548483848571777,0
1.3550318479537964,2026-08-18,1.3554176092147827,1.3520090579986572,1.3550704717636108,0
1.3536745309829712,2026-08-19,1.3629363775253296,1.3525211811065674,1.3537296056747437,0
1.3599891662597656,2026-08-20,1.3658217191696167,1.3595638275146484,1.360063076019287,0
1.3647032976150513,2026-08-21,1.3675401210784912,1.3619153499603271,1.36304771900177,0
